16.839787788885097 2.7918497791627295 1
10.500340567273591 7.368083540646944 -1
13.802255105882935 5.3355513308852505 -1
18.030845480511573 5.9710259616731705 1
14.06861731587399 2.293800126973946 1
9.485132284283859 13.505021038943566 -1
3.6994504357119062 17.10031542697733 1
1.388529942147576 5.328618065970014 1
4.063815001825903 13.152208783655052 -1
11.156609201677961 9.171501635061265 -1
16.18458541279012 11.220746484385486 -1
1.9821529430079798 1.1134654053179882 1
12.123224277572877 3.01808207136512 1
3.4140768464258797 4.319340538292278 1
6.874113372087349 13.60582745369615 -1
18.63588276271881 14.418936139239412 1
19.086920424643203 11.33143568259495 1
8.343278686957458 9.740236726727236 -1
8.98325716909554 14.075352293007837 -1
1.60090614701496 1.8868401564911252 1
12.435282005104293 6.3747096098019185 -1
8.458818684921196 2.539187258959741 1
12.503605589788638 12.157142181092603 -1
14.70549481445943 10.488296699454935 -1
3.1721604057807307 2.222842627319239 1
7.939410164813805 15.753517690202813 -1
14.381157930683655 19.714975579490833 1
5.458175612801 2.200655228211197 1
9.659928949095661 4.369807277803521 -1
11.874379557046332 16.570532422469967 -1
8.779965308387013 17.623514845298672 1
3.8415382769515616 1.3194970090153846 1
7.680837628243622 0.4131779081779685 1
3.987090205723911 5.984623167963012 1
14.545809793536005 12.366244971755819 -1
14.98524695209937 0.4889761841809115 1
19.460148668619667 3.626151371344102 1
11.299644362101526 8.135682156023595 -1
10.435867322851866 9.80764841196822 -1
14.3505178771274 12.705410897151065 -1
11.553333583352277 13.412044836066903 -1
9.131306689403228 11.871514958332298 -1
2.7823446265473906 6.166166525556385 1
16.903161668651883 2.719064571488108 1
17.755533309123916 4.015167559932554 1
11.14624012530851 18.583753602291846 1
19.71841015152853 13.938978541352956 1
10.625363615881067 1.773771725489648 1
7.821384955806603 3.4078386465843535 -1
5.322755592381007 5.582994877279406 -1
16.813501472187575 18.102540783477615 1
11.86519787151684 5.569808837038122 -1
12.422980730856839 4.880961165015714 -1
3.6192898737985812 7.552666034690764 -1
7.6600958635712235 18.72431418157947 1
3.9021618256812163 1.7103348377790506 1
16.058431583844733 10.951617486116456 -1
12.864324127611805 7.048666689041538 -1
8.851237702129524 0.802758256559537 1
18.86389498952893 0.16271471668448 1
1.636663903791853 18.72375412849246 1
8.28580702843347 2.296264940141879 1
6.832701599231637 3.7712454982265853 -1
15.152898292488192 11.990901257140196 -1
9.784496134216846 6.064602579932858 -1
16.749682789901613 12.578080442216708 1
17.963007755675026 18.048404931556338 1
9.734830759040921 10.093546528923003 -1
18.019563473710562 7.535667474807632 1
2.196079602273837 19.39279194643234 1
9.630249071167983 18.387387943484516 1
0.32039460758918725 7.601969923148633 1
10.629468369436214 10.87657269723705 -1
1.1054500492751695 2.1204722558567024 1
16.89627923460078 18.697881127740853 1
13.452862638905437 12.260905124252364 -1
17.823985660751344 18.255496910642353 1
5.983850353099262 5.064956071098338 -1
6.247995023470578 11.22193500316435 -1
3.2029891665361854 16.000790696861174 1
4.0001895170327 0.10935130415609118 1
9.778802039953238 14.525600934435158 -1
5.762540201169337 17.94114161874148 1
3.6585896126446937 0.3766699253562056 1
18.582331010900322 10.065047266311515 1
18.405431230737 7.240648659788378 1
17.48965729748432 5.544930082414554 1
10.157480389821334 2.07594088419093 1
11.311525018483433 3.2820588598748257 -1
3.0965386254781224 5.031130899526741 1
2.8078531476620427 18.210753782651608 1
11.367739690002798 14.37018868412906 -1
14.07222671455262 8.16700361358411 -1
6.132525910995621 7.053968594613136 -1
13.648169909895358 5.634168478897703 -1
11.112138992783336 1.1778608314040784 1
0.15790575214083225 7.212409188336997 1
13.939939183992532 0.6676739186612535 1
4.677314355638771 17.051259462343506 1
0.22815787089200068 6.160563924859622 1
1.8792242055999875 16.123227240080684 1
13.44430574677014 6.660702999294539 -1
0.9809717155300524 15.59306265361409 1
13.108954994685984 4.573294879199288 -1
4.29647512396417 6.260869651730479 -1
16.94645629592347 3.6263916082613523 1
17.81365331072366 19.33481802994559 1
11.636264385145722 2.478752068467187 1
2.6046308863631573 5.662881121545449 1
2.0142587473737383 13.044439504916985 1
1.9635818200744648 12.290480182821312 1
18.780274086563228 10.480639256464436 1
16.61818450143903 19.805091459445773 1
10.517669302348235 13.327645354359499 -1
14.185126023838198 15.077783192847 -1
11.19054005876319 11.137821975510258 -1
1.611603974533573 19.906611394929318 1
18.95977298406256 12.434466010172407 1
0.23855841869091732 13.858927955736375 1
15.047508351325975 10.67913435769744 -1
19.326632754367566 18.148357373746762 1
19.5027115134059 12.391649439605686 1
8.96557196252809 16.578140492814505 -1
10.613288797394134 11.246605204665292 -1
9.570466045328923 15.519349232090121 -1
8.793103132347419 15.438612176843055 -1
19.963700676488077 9.288440686248085 1
15.789110406360136 11.130317439799954 -1
3.5719537314981697 18.510632638433645 1
14.664043758700124 7.631759434505887 -1
2.2641689658964426 6.190536075580333 1
3.302834561303758 14.428249777941415 1
2.515280208913193 14.431401886245098 1
14.386660834921638 9.659357667970967 -1
19.152602565674183 11.534346995174952 1
0.955459765131168 9.883382808564956 1
15.554788968969124 16.208070322779363 1
3.2259771316539854 8.110378306724408 1
14.853902963807645 1.6352794436926477 1
7.392800664328163 13.931309406234547 -1
12.469385143192325 19.946715426330247 1
9.451165514414557 9.078302404455298 -1
9.847858843354809 2.0300132503790613 1
1.2519474694439459 11.318707722768288 1
3.8521410261330913 5.1524180081777615 1
15.677834757143252 17.01093966521481 1
16.14368639950275 18.06545112135104 1
3.260386489651792 11.190474587682047 -1
17.575153063213598 3.2401285358224996 1
16.503958934802053 8.879431965243676 -1
19.690996757710952 7.434941142068647 1
16.55073101318561 2.765061021092059 1
19.40066198787228 18.435889412678407 1
3.396180442609442 12.306856012363363 -1
7.408327155391818 14.852262454419257 -1
8.4426901645015 9.589718302219847 -1
15.265702013640086 17.86241159450029 1
4.8531149672881435 12.83391090729081 -1
6.079330167507912 9.09916439938616 -1
1.597699083769104 15.576275381114367 1
9.255302657502355 15.00048022502758 -1
0.6641719066815699 17.658295450835638 1
14.204434876418762 12.682708275571422 -1
19.647240717878386 2.2818716831839914 1
11.925894718318089 9.477042504969797 -1
4.711941496544549 15.901293947437804 1
7.78037814994299 4.789392504032486 -1
11.499250427581615 9.994684974740476 -1
17.2200722975239 13.456619499512028 1
0.2901596024219577 17.184479907135334 1
4.576428446500527 6.7587952742655855 -1
0.4497547062418894 16.583986744874302 1
2.6088571638518343 5.4484238293615945 1
14.693487760839606 3.2140582157768627 1
7.7859312640489176 4.033582586710929 -1
10.434563620418613 14.669614107776423 -1
15.86692938221818 13.92236967130529 1
7.438109734497679 2.2626435198906503 1
9.869806804396287 11.208868655503906 -1
13.991672787160287 11.362747518404468 -1
10.625401688068845 0.13566135491081877 1
15.04916129326765 4.575917623523034 1
17.740507234072165 14.986522201417166 1
17.27561283297286 3.7171654158383283 1
12.647036070009277 19.6463104945143 1
9.336189146088545 10.109829646610255 -1
14.22772666580775 15.2277047294125 -1
8.62906081074419 19.888836618196656 1
4.804405789782735 2.9816676756970373 1
0.02134053493185517 11.183995754415108 1
15.055324112534619 19.598449137041648 1
12.743961698294722 0.7451415002307771 1
16.493120601822728 19.873045697365164 1
11.453680521878658 10.354938639428168 -1
18.783851373910206 15.302100054002516 1
18.63056040865696 17.97676762461697 1
14.516518919688824 19.624197992807556 1
18.23261008124859 0.5790508923800908 1
1.962206966396518 3.2767598953959176 1
9.674312888478605 11.437059430293308 -1
18.086695117029837 8.619422679604394 1
10.82008421758589 4.345404775286554 -1
14.105358769943324 10.920450402419807 -1
16.247979366994876 5.490740553787299 1
17.77592508159719 1.9376803894427508 1
2.7279702220776803 4.081047584323201 1
16.91310046907303 12.472313699210106 1
15.40012643802183 5.62569634635953 -1
15.93336926728866 2.3513761981929338 1
11.766113930258467 12.854970316378079 -1
8.984068121260783 0.5187280426462193 1
7.185687305209958 1.0196600251532506 1
12.962207394370836 11.228176846264802 -1
13.483518161269519 17.372857537558787 1
9.439341509318968 8.66461026273145 -1
13.311034729953652 12.546065493270088 -1
11.947592763541014 17.670737562619404 1
18.95683705927723 11.920569221220118 1
10.062848267604558 11.795703016505971 -1
10.147329799549698 15.549083457164055 -1
8.43025767850568 6.348583588073988 -1
7.533112211091217 3.016831477870592 1
2.07720721328988 14.81923379247113 1
6.2679771454813205 15.434933239292024 -1
8.58687058187334 16.25044609241853 -1
3.661376361020754 18.39362697598753 1
6.7803783494974645 7.1139023035298266 -1
15.116868001946601 2.8603010565722764 1
12.158738395807415 6.0963614795373156 -1
15.230419617894501 13.151583663331312 -1
4.237307491743438 6.35123832759473 -1
2.5500651682204944 5.323276402924919 1
18.442121652986753 2.4751329446142667 1
2.501753971694134 1.3390836554659002 1
17.740681435166593 2.204307353019004 1
13.11506353935096 12.731149362814174 -1
18.42769231044619 3.9802137241008384 1
19.29787001939595 18.295220870349457 1
6.17812360062519 4.0123304167539935 1
15.618342321606724 17.885413470149164 1
17.917587095732145 3.2448434422721206 1
10.082381637309059 4.862808510165935 -1
13.323784732070564 10.491233457096897 -1
11.54000722910647 19.703338875027303 1
3.1074904872408737 12.75929063314095 1
1.0895180495694468 3.4378725750347594 1
10.236055174649039 11.126216387690299 -1
6.529708062871158 18.380566600055122 1
19.897533851324233 14.488476758661474 1
7.543049940396676 16.88859809222768 1
15.444025995890025 4.760802257881034 1
14.490801109655402 18.29730543916668 1
4.4623781233404936 16.659255679645266 1
1.872205917040688 14.444390826377775 1
2.1348671234547023 19.520815387852664 1
8.154747229080224 13.269870456452965 -1
2.4422023157315564 13.36051573369919 1
5.091436281901196 15.873211980660995 1
9.628784146479187 15.384466846320588 -1
13.256297956649426 2.727063609005891 1
19.132836660355956 15.081021017710192 1
4.192035132005416 15.103173512332146 1
3.87193383988627 14.1656460781692 1
16.613757017592942 9.2169891610473 -1
9.811563627011466 17.10571578179205 1
5.237353589262801 3.5087675938811302 1
7.106852869719162 7.0082276079569965 -1
5.446525258670684 19.229984014728508 1
0.1526582812221755 7.932050266313031 1
15.66278616244291 17.30790447631388 1
19.320581469807337 3.134332398909234 1
11.692186820742625 15.70904541021459 -1
0.6421243129287024 12.975939190263636 1
8.523918347949559 10.46842339486059 -1
17.92322548457027 15.655665545705425 1
16.31645957414723 0.4009146166015731 1
16.116566934636033 4.582465968345111 1
2.5652975757565555 14.977240508954765 1
1.2116486646564906 5.6833589106652465 1
16.593651924844337 8.577595820562529 -1
12.95431900793629 19.839371343417326 1
6.301642386523037 7.515609655013479 -1
4.684491757381428 10.739646743132539 -1
18.49650033116308 4.6883162067189605 1
15.750986693913564 10.399726710333706 -1
18.476313353801345 7.343369401446987 1
10.689518451922721 7.077918999287405 -1
1.3310667146517585 3.0329345598929636 1
7.157396848961843 11.828332796807778 -1
7.491060793143585 15.889898988087074 -1
10.526323066912354 8.13749714144915 -1
14.616471908028704 10.236555074481554 -1
17.80811418164307 6.138773974903193 1
0.13575272576166642 19.420674308252476 1
15.512357288485045 0.4485133372926553 1
10.821445798647055 10.382875763742721 -1
13.671797091716604 16.12921789160384 1
18.736733958312236 17.87363886964398 1
9.263678584253716 11.924658634661366 -1
16.19257619875215 18.9352577763155 1
8.020756364443953 3.179755338404855 1
8.408123648452975 8.444528380657097 -1
6.250580339776297 3.457380102705254 1
18.312870870810418 15.963668343973644 1
0.2913474774986402 3.7286426318972055 1
14.46473082419372 6.717108674214172 -1
9.765112244964014 5.500594326294923 -1
12.44915966778997 7.5294923753189895 -1
1.1554775062196043 16.35808326790761 1
0.7246317194572027 6.745390001376377 1
12.141029589697126 3.952673702236167 -1
15.889444976191825 6.535010732646795 -1
3.7572764359377864 2.5328013717847964 1
12.097191424895861 9.03201463618841 -1
15.345950871482923 7.210974291687937 -1
9.167172714127005 9.25615724796783 -1
15.27927980795713 6.214880327325187 -1
15.930547357266624 12.664378855627596 -1
12.82753806057745 9.608676774274896 -1
1.1058471775254741 9.12932585073989 1
2.5305639106075284 3.1676897861927666 1
5.25559813181935 14.113480315139439 -1
8.355157620574818 19.99242532981542 1
15.19571261191045 7.129414913078305 -1
12.583030174675589 0.1329328866516999 1
13.782485367670557 0.973714597241615 1
2.7425172588491886 19.48685520585878 1
18.68540699355154 16.18421402889378 1
19.196748474567173 15.838196598307574 1
2.0214805739914965 16.063403755500268 1
13.340070099235088 1.5262896448565488 1
11.322382716730385 10.18809546833335 -1
2.9468385614491432 12.267042993960208 1
9.374630090577964 15.4109244616418 -1
15.209602561527213 0.19141244234786026 1
17.38460796015463 12.750782693386773 1
4.042420762581813 17.196641357885575 1
12.730854658082166 3.0319040331368785 1
18.691779976517434 13.150074079503344 1
0.9859508187327992 15.229701601036458 1
5.265795580326936 3.804683048698674 1
4.515668646710265 19.783104571129297 1
16.77737838433795 9.459179014816046 -1
7.411380451303115 19.946528041221015 1
6.575276526494196 4.224593842186739 -1
18.180886081459228 6.961889305226647 1
8.064012618158108 9.56353561843706 -1
16.429096077621814 17.0297712054203 1
14.838103191370868 4.079324175092259 1
0.8558834890403277 16.517796902219967 1
9.928180608570107 11.356410125617684 -1
11.329042773407625 14.41967802309498 -1
9.723021222264345 13.061807760735405 -1
7.864445948479746 16.595549149671452 -1
3.6157655987865778 9.900825495754304 -1
5.425736845758999 17.35282817599008 1
1.803266685094942 1.2693362412915699 1
4.305040124997639 9.149794753293746 -1
7.8051188028788125 9.84974271355626 -1
12.622611306874266 15.194936310550577 -1
1.2284570259980954 4.302651177212264 1
3.7770337437653945 14.88064873935568 1
11.793006232382757 16.9604824863073 1
9.760408668902432 3.2691173655045036 -1
17.98474657069162 9.19705737062081 1
5.213572451929793 2.2969475390432814 1
15.294238641056445 18.059479246571833 1
7.79998798514719 9.587175157212648 -1
19.803239083482318 14.858441505088994 1
1.622775439423454 2.467626343948486 1
1.4805639301700602 1.5522879021929414 1
18.974386163637817 17.824628921433515 1
8.440864814220566 15.15838694158381 -1
1.1286438833134471 19.19026653066114 1
6.687970174470658 15.081874612177607 -1
1.5110196497001582 1.0360572173055727 1
13.205011002762351 10.878119976756658 -1
15.022246428670293 16.91570868199153 1
8.34347230183224 3.074984241836103 1
0.9969045589488013 8.886285097032937 1
4.659016112925293 10.397950145058577 -1
10.212344515654452 15.100813707339434 -1
7.8607471416979635 10.789315579697018 -1
17.430899063250443 7.088596898622431 1
0.422014265846653 15.159213074091014 1
10.70250362063339 10.187002012154402 -1
11.005640762155826 5.006247193351038 -1
14.088994789019825 18.876774666475896 1
5.392676919715109 10.331179076650427 -1
14.193263855333365 17.636495548935077 1
12.919233150788019 0.39279550392377516 1
0.06311636543737009 5.157317916617156 1
14.316900747300236 6.93769078948945 -1
1.5746465071638482 13.291558782921902 1
16.587831764686293 13.1265591104468 1
6.461221048093764 4.080963650746456 -1
13.773257458459902 4.162155023653211 -1
19.176898723673936 17.095058003782473 1
15.270516787186434 7.362705367321629 -1
16.197038016710618 3.229197170330651 1
5.320282289389688 13.177940040725066 -1
9.924469233071322 16.48369340965086 -1
1.6981623370751908 8.4214053056379 1
14.842766107227662 12.717824126875342 -1
19.733406734288902 18.097328533811346 1
1.816507197785635 16.662135956286683 1
8.780770745412966 9.581383050528302 -1
17.90345516972607 14.487522752346685 1
18.487760816029855 4.11324464327981 1
0.9745026962398851 0.41954004497537056 1
12.271003045324731 19.44076192789719 1
4.76077686514468 12.318169607866839 -1
2.050832478683946 4.762416562263645 1
12.004905730056034 0.7024953730739569 1
14.803322557883016 9.700848508551223 -1
3.9803726655219673 12.733515365110526 -1
11.470915252254558 5.611034093020882 -1
15.400265531149982 15.836100366648548 1
19.34547321085097 13.10348301672466 1
7.074012300344233 6.897011834955387 -1
3.2211611748011193 16.022091485678175 1
17.67220882293482 16.362878654485456 1
8.491613580569153 7.865823869456266 -1
16.194793016652266 15.844545873045949 1
7.077352974663582 5.288529136087394 -1
1.54173640121811 5.796571380610955 1
6.254384681407156 11.494163793743343 -1
7.584185018372103 15.042159829869309 -1
0.8674029848949205 18.394471947922067 1
4.030254879767535 4.081492231473549 1
10.874762173351812 16.146249253279453 -1
1.9278065018133117 11.289367533016401 1
5.339913400581495 19.57660093990558 1
12.416450124990142 17.51482196200971 1
10.830551209513962 11.4472256610485 -1
10.424330165599272 19.20545258836328 1
9.072034048170357 13.439808826981558 -1
15.122934798624946 6.238450920238982 -1
14.065242973282476 2.589618247235337 1
10.10099050956472 5.274671282919998 -1
10.043919190363333 14.211367646382083 -1
16.218498174118125 1.2016590600445975 1
12.19712875493936 8.105191842248129 -1
14.406977429845472 4.49183995359366 1
8.302605198090632 13.043057495041872 -1
1.908507278274718 19.164510929460427 1
14.265602693200348 13.39196587677093 -1
19.408319147927664 8.728898331673758 1
17.121044069612953 3.747009023209722 1
17.29363116140728 13.257459685105989 1
19.044395240967958 4.561059339891886 1
17.975693534459914 9.324234956851075 1
19.456314688006564 9.73988083221318 1
6.958967178196143 14.253319637478093 -1
16.636099029457377 12.130141366721235 -1
2.5606291379744595 0.6221354999932416 1
19.829220453582625 11.80172521144856 1
12.609180769427885 5.518111610769094 -1
8.211003493474905 12.354434117419174 -1
1.5865419359153665 6.054274836988087 1
16.495561793932545 2.7443649890230803 1
17.130789184731736 5.576564974061502 1
11.945710612153528 19.840773084256817 1
10.317811641938526 4.424205973802396 -1
10.090192532615301 10.038599153969692 -1
1.3604157767103664 19.04782314606374 1
0.8742385254206453 11.25551217514872 1
14.245602540485166 4.604421598179627 -1
5.135394817593351 4.820778157280783 1
7.016470734156122 10.604321385680773 -1
8.492359666001088 0.28170393830354357 1
10.612457848524162 15.862354437826365 -1
13.570070560086995 6.646494572919868 -1
12.57931838024555 6.095955440053949 -1
2.6502507977641043 9.046280079303408 1
3.0187262966409567 1.8315473621284983 1
12.866291621039833 19.40264445734412 1
19.723929403443556 18.319946395179855 1
9.20044806062997 4.68939457582894 -1
4.802788926107635 14.60749816189753 -1
12.782054509692868 5.7915392034100925 -1
13.248341062089873 8.556716168225815 -1
4.813189435830405 8.801784900255178 -1
13.917415371957446 4.453032931655791 -1
6.307255485759349 1.8577025673162995 1
14.146370605402224 18.781464941734473 1
15.684159936789566 19.99619168027553 1
16.3956419276981 1.7564754567210161 1
13.931857362266742 11.463775454622843 -1
6.551967135020735 14.54090209394096 -1
9.025515632476653 8.637084139329392 -1
12.228837347499795 10.398061833570258 -1
16.785673369840673 12.188450223613605 1
4.498837230030457 1.0024916260824868 1
19.784817175544816 6.580585738523162 1
17.525874534470326 9.017842391305956 1
18.69452711533795 5.892873138845904 1
12.620520198012935 16.4118670778981 -1
13.689242504064367 15.30864115811271 -1
10.625581982787505 9.89308034330686 -1
0.8566797680397209 11.579661324746176 1
7.226916037066234 13.573923431164278 -1
2.1260445177903 8.856144334583746 1
15.096182270067258 3.8828108966782926 1
3.5497735479874715 0.23593075534135366 1
19.439720743741606 5.016051214610129 1
16.423788843671602 2.9556753830810623 1
8.288314472302723 14.9009400803906 -1
15.964099000531709 13.276421940132717 -1
18.834967210965758 18.989214395015324 1
8.615347253259527 5.917151712152737 -1
12.19365103713672 3.782669599881907 -1
10.791067790373827 1.9587205496324622 1
0.6458876628569321 15.342155615517113 1
2.0229371457919587 2.975190118953843 1
9.699933890288968 1.9694001202811928 1
15.91938750652795 13.769260481964649 1
7.6464460884669005 17.28310164063921 1
19.4987751669081 18.296397544898795 1
12.284304529326162 11.990706816048093 -1
5.622852207816522 15.709164975303622 1
6.993728938957158 7.065807680008485 -1
7.511663471160627 6.939862528087963 -1
7.423293407006786 16.66564822946343 1
2.5320036581602556 16.087447454372015 1
6.441963025132611 9.336166822545437 -1
10.438553182972985 13.228685395901499 -1
3.303471599172809 10.277776569346678 -1
12.74453802253978 12.59954430434072 -1
19.36042483249811 19.33405240403975 1
6.806084727317221 9.522277738713829 -1
15.817177978127113 9.200154542727203 -1
4.475043240536561 4.2314081555024075 1
14.366192721720425 14.400562112373034 -1
9.351802556791608 0.4365052726691343 1
5.575950958101743 13.284264983683753 -1
0.8941635104463042 17.29062847809635 1
15.450512544467447 19.790446023657104 1
15.89888131757571 9.864209832867752 -1
3.656322782749859 5.817070492719687 1
19.96703326691659 5.1072899295863845 1
19.690595136974107 19.709093654396682 1
4.063962603136453 13.959097926197902 1
3.5663447278171834 1.4930794015082194 1
13.624850798450641 6.7018652346193335 -1
5.963338883764289 13.031091921004789 -1
10.090434061077584 2.324017292805287 1
12.530066257611823 0.4635643223360453 1
1.9347990263708126 5.999609981915239 1
1.6635112408985164 0.4151849186777645 1
17.50447628391599 14.659075127012116 1
16.154006438775024 0.2614701805997899 1
3.9252490550704056 14.722620418890628 1
18.081330298436452 7.535034550779969 1
8.68128451422493 6.417452511355504 -1
17.419314040294417 12.299091593107423 1
8.80124532902854 1.4321862835912436 1
11.308574098948629 9.523574373332714 -1
15.273353032115395 1.9378586160480493 1
15.18119983835936 19.052760840522723 1
9.189481145755662 2.251603557527684 1
10.081052767242614 10.350508993627397 -1
13.768938878439862 8.175626011659205 -1
6.414742285216171 4.660816524178086 -1
10.83132857443529 1.375820724454213 1
19.105013321001728 6.491840114127756 1
19.550758464253867 4.334638621003506 1
0.9862851560106445 10.87974838489094 1
0.08950955059673804 12.543240872279897 1
3.4689482055298426 4.669235570964587 1
10.080898162406877 13.587504929852727 -1
19.35380181950619 13.806666994814984 1
19.59383118365143 2.856615867589225 1
4.268780946939552 15.280853880219013 1
13.369338006649219 10.298479451159688 -1
4.711846376541258 1.5740033961126199 1
12.206936308625636 10.136585589397107 -1
13.949631075542083 13.32562101858514 -1
9.58121151840163 11.693248380426 -1
15.154140761590401 2.8758759585965454 1
17.019096059860075 11.221334724493623 1
13.616256805238855 17.746795873508553 1
16.0065844647653 0.24116327971695828 1
8.448902250577497 17.5586688043494 1
8.958720548159913 7.972891689363443 -1
13.284907947233913 8.999159700644464 -1
8.340040124121082 7.145217647828295 -1
5.646240245500104 8.927763132942228 -1
5.387535125348883 11.915230040812618 -1
5.936920043392289 5.183777878148648 -1
10.702975519975688 19.135531988508742 1
8.666040305394414 19.69995262447305 1
1.5745867479411868 10.915437468970419 1
15.027934962931802 11.505855403563455 -1
14.650931200824669 8.764811214754838 -1
16.100460536758632 0.5498430471419669 1
0.5218631300733723 1.9251146460370494 1
7.2620727884526985 16.863061340111667 1
14.725594337238537 0.278857862716797 1
0.5063390236851606 8.0262653141431 1
0.20621229072302683 14.525175936029491 1
16.132872091473086 0.8792618364759552 1
15.972531809371795 15.1694776960358 1
2.568458529041302 10.019243245279618 1
18.684303563694503 0.289608354962434 1
13.070420813231063 10.40539660162339 -1
13.644941984571295 7.640662727875052 -1
4.930906368415107 11.085587754894528 -1
19.76750726358132 16.651585659030946 1
5.756132412636001 11.319636529677775 -1
5.136558549536215 9.45295457469225 -1
7.215739539871892 4.867945497611799 -1
14.557580698060125 8.269923040314293 -1
13.746051672610637 0.18563917034977395 1
11.595199663756473 19.094894912327597 1
14.348109185460228 11.083308315179362 -1
19.164793112571346 6.55399033626856 1
16.655699013764693 9.627585870771927 -1
18.34859008010451 6.061454071495172 1
2.999155983778805 9.496186307001405 1
4.166234197796328 18.632141968363655 1
8.93594469275678 6.968046266909154 -1
0.8735674857644371 12.828406036275734 1
3.738883192683402 8.967706673393714 -1
11.049245118532596 13.822241166336084 -1
5.239576054312924 17.070634870586183 1
0.04264091150220972 9.412034136055428 1
18.391425215509045 12.837723889070043 1
19.37699456104184 9.375585827052543 1
7.306798140597472 0.29582208365442897 1
10.709269469126315 0.9500036413046642 1
7.275870783580418 8.814465943119203 -1
5.97714652179924 18.969582478773642 1
10.036062778747226 11.331971413106057 -1
6.385774172109819 3.1669097978202454 1
19.173549434603537 15.503348302650512 1
5.000152509663021 18.99894788481651 1
10.707778944908332 11.016028852384474 -1
16.940152369672003 10.336516132617867 -1
19.13542626610299 3.936784998820264 1
18.81008875972896 3.62494295298873 1
15.151021568333508 18.775833487445798 1
1.3219634802962843 10.341088594231426 1
16.27779297533639 5.660825722816103 1
18.353612128628814 17.812052211478406 1
3.534060352392605 11.230491948751798 -1
13.760086513941216 14.824160229133454 -1
3.4768779511316805 2.4377120037257893 1
11.154576991370329 16.33199271781756 -1
7.991398531504994 15.513640930900856 -1
0.3177679893446661 12.431055812346692 1
3.2789731036300207 7.414907787256544 1
3.6789249576200533 7.6607327927148 -1
19.130667663411426 0.3746046502045086 1
6.063833981159792 1.2884505332186635 1
4.910508108498166 15.187248015215545 1
2.557756163491114 8.5043333586424 1
18.24394885898981 1.090493505650596 1
13.758228262959049 0.35309207745787496 1
12.95044305053482 11.861685279176857 -1
19.292601574588865 18.413279725002237 1
15.081287617053158 3.8676712458949924 1
9.749649628223176 3.1992753997453893 -1
14.182315537231759 18.663856097318153 1
15.904428917665843 0.5685661264244257 1
3.47702996518928 0.7683618642335222 1
11.728227822271469 11.154459838617841 -1
3.438567172189204 0.5871250910153281 1
9.144488250872369 6.745153933361676 -1
3.919257611294076 13.536897975442646 1
6.0116793851364925 4.840145289547262 -1
12.945106355777327 8.383573124368713 -1
18.427272293734855 10.741872681909225 1
6.745699275874912 12.077465849748283 -1
8.748488434412886 17.197934167718067 1
13.83256690233826 14.575609449438492 -1
6.110328753714478 8.882418172029151 -1
7.403390007606876 7.916463455886829 -1
9.851152184041185 9.660322431886392 -1
17.980060096403957 14.24773679196764 1
12.687226631924297 6.942277933638666 -1
14.389411333196042 16.001904909209514 1
8.279550744169965 11.198235322440816 -1
17.34373265786911 7.973681590248929 1
14.689411136510014 6.764426306389614 -1
12.990724272096033 19.363196487463213 1
2.641844664573343 4.927346892978086 1
18.882034098737762 2.609183862047111 1
8.393219927786886 19.02255043063792 1
2.381105051800154 9.88425095526215 1
17.778118467459556 16.40953430838411 1
1.113475062322904 7.134734272040553 1
10.936350495867352 2.0542451421411867 1
8.433434741376413 19.08086209135028 1
17.122591466319314 1.2871757763357672 1
4.683678665524118 16.39367126507309 1
8.227330430208005 4.042331517476862 -1
15.488846527416225 16.020602105125107 1
12.678123938771385 2.7069655040725538 1
4.491945816829399 1.2304971862632974 1
5.303877914697182 1.043811450755272 1
11.638718576982948 9.813926487032056 -1
0.3696927622001689 2.883797339007359 1
18.075034284555652 14.326148150879934 1
11.84922684117038 2.509717058898626 1
18.143431211638337 14.734014676249982 1
2.7992621748536783 7.5660617738108416 1
8.091797582535209 14.772835558911169 -1
3.012364004881518 14.159044662795724 1
17.70677968020805 5.769440005735291 1
4.701661076297958 0.20685765443252846 1
12.638521247290964 13.670559140221973 -1
13.55201314361262 6.68945460617131 -1
6.214770938554961 16.439875344637194 1
17.389008554769354 6.7896919157427345 1
15.480948536631413 17.614608739918193 1
19.502363441466297 19.39275104027651 1
12.554567770358958 18.74795313273372 1
8.130173444775847 4.824909393184513 -1
12.972724569963727 9.431059390045817 -1
9.204902689633558 2.2848700465110605 1
7.85823026174042 16.075461141397973 -1
5.389104183398743 10.284815301629456 -1
16.630920718974515 0.8447200496903351 1
8.82330446794751 19.025425017915428 1
11.569010000654634 16.65038533314844 -1
19.078284480810062 3.5376224221892616 1
11.36487371179631 18.105784610436203 1
15.828621276234557 11.110774576228927 -1
13.501501153876703 1.4821828652877045 1
8.332379466565554 0.309318461015744 1
3.163212568002023 2.347965376375134 1
6.04192706911517 2.3479913656398343 1
11.98329407333803 16.14976206613222 -1
13.466942401818049 15.314075515966563 -1
2.1439788322187336 14.668937323226427 1
11.511546263646174 2.363107098688162 1
4.4116106487229185 5.575112327702008 1
3.514797996554204 6.567304017129409 1
7.031387209148539 11.022352690602855 -1
5.8417767916435 6.606215090417818 -1
17.687340476055677 14.323813980758143 1
15.366858254062524 4.8553306072342135 1
7.431632586374162 9.349735121026995 -1
1.8078613487128026 5.863213252717472 1
6.931164023933343 3.4207445875484432 1
19.813101830284474 17.396468392121054 1
1.7861838361909177 9.419920035828344 1
4.142123024452857 10.955603492660476 -1
16.12626415780778 7.897371226990833 -1
5.37995772155308 14.406858090442894 -1
15.687674041724334 2.253797598518237 1
12.827636346344796 16.971665456299153 1
15.589476447556345 12.157855001943771 -1
2.4388649130798012 9.895718650477978 1
12.117727408681674 2.4169685760866133 1
1.7384712510448175 9.002020558792465 1
0.15218757550185202 9.190531002868541 1
13.22104843910722 19.89631966518562 1
1.9522218945687198 16.942625245356247 1
11.943522569518429 12.548767305158957 -1
10.685432186649411 17.352362523834252 1
11.026953459436573 12.740847244033153 -1
15.962656535666087 19.840690317477485 1
13.816805652697937 18.43284085179505 1
6.293927989206523 12.450604676904973 -1
9.556018947909088 7.094888834774162 -1
17.78774131483711 7.17841656426944 1
13.672921345676382 5.358334607793496 -1
9.25097310341185 9.653457771729517 -1
11.769813185373373 2.700218842248434 1
3.250173543394348 4.428227548873204 1
5.859732284913592 8.812026387200698 -1
1.6952503240709982 8.026938183258043 1
1.4708012242775736 0.8586866581259933 1
12.002333252171457 12.14138385631628 -1
16.788046580267288 0.5488868531610858 1
16.01305216200283 0.76909262054905 1
0.6188348930829446 7.173835063432639 1
0.9094792104525595 11.104796792766528 1
8.630516091244651 1.8535735565244038 1
3.746412203453955 2.159437744291617 1
1.538808697309182 0.702403565545815 1
18.486736617209466 17.38393056981439 1
9.459454988942394 6.799857766352597 -1
19.623463317575233 9.797137405445477 1
1.8525569424283073 5.7197467541646985 1
3.591683452056451 5.483723050977254 1
7.8928260040438 2.918444584512412 1
7.405890001169617 1.2332208929859778 1
12.096945983196788 1.318390942423342 1
8.840126020547183 9.002781457861492 -1
9.894197608346559 4.405112977992132 -1
12.582559926844262 10.602031225232713 -1
2.414402845176331 18.938084157465298 1
19.99195879290848 16.290727756329222 1
19.272215572953918 3.6961086216748495 1
17.479338822839466 6.685433423937415 1
3.4330809877233714 2.991388552212062 1
8.432499422919285 8.78063368028954 -1
3.032122733012861 1.0067989853581438 1
14.785923620862341 19.180137951566337 1
7.924585768802375 16.932554371713472 1
3.2432238277026393 12.853729686359273 1
18.62115522346214 2.6967927747490994 1
6.367550424352187 10.932176842308808 -1
10.678381352611549 15.280055992676967 -1
10.295349608468582 18.521987438295607 1
1.4129321297755948 11.156001326505752 1
18.203314871889052 17.95336816214529 1
12.00602576950369 6.340350235490419 -1
2.8879050082787017 17.24233213232456 1
15.966427218391537 13.048361833241051 -1
9.198194698347358 12.948107878513408 -1
10.16169219484148 10.335729297747418 -1
14.129297677846406 7.218412116019481 -1
8.635696164666628 15.857652793357852 -1
15.170937921377593 8.33348420486606 -1
12.500913026372613 11.092657694499772 -1
9.915355098820868 15.394484876007834 -1
9.0913946490191 11.792993890116694 -1
7.503861716419364 16.239208907534532 -1
12.860100313131884 10.228498089492623 -1
13.60038098754125 7.949295441136512 -1
6.0446390530178595 7.2869695577243405 -1
16.511324204078 11.834200336628884 -1
4.844972879248628 8.830077896734554 -1
14.562998753914282 15.035214976693494 -1
14.244859697585843 14.66964217371636 -1
15.566740423869817 6.205328903583631 -1
16.052364431897402 12.797104071108084 -1
5.524117245946845 14.651904183627087 -1
6.278994010064749 15.249678607613442 -1
10.237397803909312 14.800907811817902 -1
14.330781212714232 7.953018449365803 -1
11.023564313207661 8.808060408232535 -1
12.341580091148906 13.24639827311249 -1
8.188776353036694 16.018427879503033 -1
11.95711381023527 14.537728508631409 -1
5.816338930840013 4.432463474464285 -1
12.069296295840546 16.000183027885264 -1
9.670881978429378 7.283650625527695 -1
14.999704334516498 14.11181559204888 -1
8.16989760063937 14.207054133952662 -1
12.611767722624204 4.403579368953916 -1
3.6324761326597166 9.11287276847603 -1
12.843774271239525 15.653449842985669 -1
11.328696272485985 7.2792955611569425 -1
15.505771030471427 13.21577880953744 -1
4.028083827655474 8.59071760227945 -1
5.791113648059865 7.688423627561447 -1
9.52940304609648 3.8160753627325383 -1
5.65495895896998 6.675509657919687 -1
10.401258711554615 4.361716373014806 -1
6.561201139192354 8.520888147574457 -1
10.114474959388115 9.101659865292234 -1
14.288303675268395 6.348474455072209 -1
14.779844583354752 6.1170547762505585 -1
10.887632478173515 3.680293150416274 -1
12.7321610510095 13.921253492748708 -1
10.872164413788902 5.826554789616414 -1
4.291508176959525 12.383025578382032 -1
3.8539852018414655 7.788244487779745 -1
13.21371455901996 6.865797850002833 -1
12.119159279178398 11.28367215764299 -1
8.894222344750496 14.735436147353205 -1
7.77644385262067 15.903790829091008 -1
5.726682318494037 11.001158263631059 -1
10.107597438536253 8.931409518829238 -1
6.800374972237551 12.604880586128083 -1
3.3400974686483176 10.97271661042411 -1
13.670534787185428 8.601607601866695 -1
8.219266747542104 15.217657825147386 -1
5.785423354544477 14.091028473635179 -1
12.946606983873439 3.9620437060511837 -1
15.809483431688843 9.86083570859121 -1
6.862418852817839 12.789055461330122 -1
14.194486947414228 6.367836180891182 -1
9.966222301144958 13.869081265398389 -1
15.395635191949069 13.08743342089575 -1
5.910566357510454 9.278904779852038 -1
11.774189060718324 16.11372644374501 -1
13.224052556538105 16.040313994417023 -1
6.325956209231915 14.18819391769787 -1
4.18565604659769 8.492992182742036 -1
10.750622147532686 3.6326801980890044 -1
11.32120014753972 12.98601520427364 -1
9.709023436986062 13.647744024558229 -1
11.709053792561123 9.246061510252808 -1
6.201202298457145 15.652280637668612 -1
10.417268176033346 12.957322464210685 -1
3.721805011762458 9.197547471035758 -1
10.044215362703138 11.581975580968313 -1
6.403073593035781 4.74965911980072 -1
8.751399366066519 4.766505604697812 -1
10.39046620821784 6.208818512175656 -1
8.838326789139279 10.556614115756975 -1
7.004210612048207 9.294911394946999 -1
14.640039058448819 11.505388747205306 -1
15.939284978574655 7.295484740780633 -1
9.712016076201767 11.483097005639372 -1
8.448276410476689 7.400465664176732 -1
6.332666986400768 9.165140813251416 -1
14.158290347955534 7.212462097696736 -1
10.130408938227859 11.15578501242145 -1
14.618342427241382 13.031062816283017 -1
12.080789518422574 6.355004679371941 -1
9.062749197646514 12.120188625798448 -1
4.540597394919541 5.6651396010581685 -1
15.787832787810995 11.315790862162402 -1
3.147187476033384 10.225632543461307 -1
10.409162225092308 8.239715249069004 -1
14.444124597699401 10.451579433774896 -1
10.068311029334945 15.707528095347651 -1
14.240793214591573 12.428975028342107 -1
13.073507369505428 16.056001101960295 -1
13.675415868630878 4.292092385226065 -1
16.03590784460735 8.499360753531079 -1
15.174374137196398 12.805324966835448 -1
11.838055617929177 15.230002031937824 -1
6.034736124601865 8.783133648196497 -1
13.043828418431909 4.03282611556916 -1
9.510270768920977 10.646836976941383 -1
4.277061982184871 7.861330858199773 -1
13.896079772169196 5.893218575048172 -1
14.779871591309806 15.050433960831684 -1
16.106154813765784 11.928867016540835 -1
5.697738270584615 14.801015811544278 -1
5.667439268512091 6.473795827251925 -1
6.318988516152995 9.03244979281631 -1
9.277144484546575 8.191133937310655 -1
3.5724920807822125 10.294984174410647 -1
14.36200617972085 12.351147637897657 -1
12.15491489176487 10.686938597507629 -1
4.543662967356865 11.115836597518234 -1
14.800859976176358 9.771528713531481 -1
7.057421466681357 11.080900933787177 -1
13.442293352200508 7.890345845351002 -1
13.961777526759631 13.098593446772355 -1
8.257488694521998 12.010378804834188 -1
9.676410062091117 12.675971301473094 -1
10.592455150946098 5.190700038694924 -1
9.79171749842527 11.152420763774884 -1
14.836200005932847 13.37953100785425 -1
6.2203469375075375 6.177799443570356 -1
12.568884887970146 8.493559393034943 -1
8.89947023753492 11.573375324602393 -1
12.960183770259107 15.190206526061456 -1
4.06623073383636 8.240376842135316 -1
9.177404475869473 11.208423928107932 -1
10.656462402625817 8.882037667240112 -1
6.3200963847550735 13.103843593823349 -1
12.926104025256214 6.602813714549232 -1
13.231724053295427 16.133867738217983 -1
8.018744861098048 5.36026926347525 -1
14.560356210449939 10.763252025697046 -1
7.78275275305202 7.862009704031987 -1
8.40618021082818 5.171000670663483 -1
6.21447196666076 12.561596564809035 -1
4.418528432393707 8.655274287092281 -1
14.525598937117639 12.581527473198904 -1
8.699361692174756 8.363771508213691 -1
13.269033216954234 10.871912466801241 -1
13.9576545568947 8.879599697940584 -1
11.168897632101064 13.957802702603857 -1
6.921476952707703 4.038531646000434 -1
10.91230814505989 8.613709920719616 -1
13.121338569738983 10.097172479941705 -1
4.886275439463066 10.774846707382146 -1
5.121038740690331 5.956621726155946 -1
6.5676554202626765 5.032970267284533 -1
4.571586300981167 12.361119196592586 -1
10.365911498566291 11.164251977062715 -1
10.247483682401997 7.097302000956908 -1
6.635289388842509 10.928560751568448 -1
3.940498260715739 7.905079529797428 -1
9.303449881997308 9.771363323214246 -1
9.395649520059733 13.325945047169103 -1
9.965747539005696 4.027991126524979 -1
4.125275907521109 6.781812345957999 -1
9.920638080708542 15.135505332122785 -1
14.759188760657306 5.677843088426348 -1
11.686928129091358 11.08296639114034 -1
6.942021272906979 12.177031859175202 -1
16.56257488634084 11.447916443999764 -1
10.869527326783668 13.380068621843282 -1
16.430179521041136 8.715814415345548 -1
12.363152072435067 11.455606710280271 -1
5.243916879126054 14.903689047266491 -1
12.526107358892562 12.706314630112853 -1
15.067174932702994 7.8291404323481295 -1
15.141234383601738 11.44635492730368 -1
11.966069576613826 8.799684935989958 -1
8.840098879774379 8.535464611788669 -1
8.715978021062007 13.664620930071255 -1
10.606611610475603 6.588228948437138 -1
4.015422762185771 8.64197615931434 -1
7.392060375302472 16.125833783141694 -1
3.248104369488787 11.576229188585243 -1
7.188694082637346 4.802079016053362 -1
