5.819519579734564 1.9200784925802172 1
5.103044866840907 9.098891703997962 -1
14.515639204024817 7.621705366533966 -1
17.768899273573588 6.958342157941191 1
18.277854263598798 6.326095634083229 1
7.693405942083431 11.773540815976078 -1
10.457736731081193 5.981264461231925 -1
16.86767696886051 10.223266466164011 -1
7.639428275324748 1.5213459137434904 1
17.602525255549942 6.735140961297517 1
14.375822602668642 12.939638740489794 -1
17.18440348926829 9.16793685837657 1
10.697988337433681 2.0099798941949865 1
12.427542456242392 19.170398219393572 1
4.630364816407358 16.596742321527735 1
10.542239487868606 11.798277861308621 -1
1.563323945843651 7.389367139678638 1
9.306715339297826 6.923366403083675 -1
0.8296403326982826 19.000883168385975 1
11.024226699072168 8.755180766818558 -1
8.927137591538646 11.96191225288036 -1
2.314350560436811 19.81965478467514 1
16.792037061383105 4.172362868460919 1
7.341557192019081 10.355726276993323 -1
9.451052309016001 15.913234657536622 -1
14.164520491699706 13.90130891689976 -1
1.7910278091664456 17.747155952803528 1
15.248175265028905 0.4239219300628161 1
0.2380531306660605 16.691502829579836 1
3.254192189856233 6.122232652963251 1
4.799104681260493 12.371361316405372 -1
8.954354947416105 6.912332450371479 -1
9.209447065004671 4.518946292898997 -1
4.243853907248923 19.476566830479438 1
17.898804738187646 19.467146089968164 1
17.056540415702948 2.569175192113249 1
8.665437535484434 4.3327677411576 -1
4.526628992683063 14.984891396078739 1
3.282710519792682 17.2616797277421 1
6.403037236749745 14.39984061296672 -1
6.738762346927469 16.281861247190797 1
5.923113665680053 0.3521651074296295 1
17.63648234359072 9.05636041414957 1
16.264160874887274 17.644256327122747 1
6.407613616994594 1.0056306256762348 1
19.520868147183574 11.778173383293778 1
11.73580386547783 14.676600287612835 -1
10.807168997582385 8.389121389349752 -1
0.6483956414083636 10.088077717003701 1
12.002670089767346 10.823279134276698 -1
11.49578281529717 10.59801926203618 -1
10.744007742324529 18.502531527644827 1
5.388249167253518 6.9042013042808055 -1
19.436743833109055 15.440458444903005 1
6.684781678678931 5.708551267518926 -1
5.0806381964453635 15.926844798911377 1
11.72117685593696 18.81583526113166 1
1.575133468972485 0.8753259745251651 1
18.11435865570739 0.6382918148396799 1
3.391190229069294 12.761820464503117 1
7.132100053327335 6.247917295278622 -1
12.444484659878178 10.270838071495568 -1
8.758997849897618 9.737343487613998 -1
18.763154997721617 12.499706883674213 1
12.21004040914333 0.23658936775488693 1
7.093822131527117 9.489069997871802 -1
9.82533353299731 7.313276179670685 -1
12.32486324462705 16.866429443895157 1
3.414990851346844 10.023079611395039 -1
7.302034713704256 16.463724775042834 1
18.839233236595142 19.794704612418247 1
5.362341299342068 12.04509584323504 -1
15.259912068196986 4.673523984729357 1
17.13769875072946 5.3261204546313206 1
15.181860609025527 6.915245707887967 -1
0.7240553971935904 17.39013289002232 1
14.023716549876582 0.8864232128314731 1
6.606385066256362 11.542468200543752 -1
14.018774410772517 19.95750103563771 1
2.454647558131613 9.343021841188614 1
1.0199012924706152 0.07362178090561278 1
2.326374308662371 19.747986069811596 1
17.582701191478943 17.84492868802371 1
7.234356380216962 0.4447207873539605 1
18.874115139557425 2.4561961804222032 1
18.210160531806025 13.400434907647567 1
6.860444782457482 9.991599882617317 -1
13.884669244663536 9.427395486476666 -1
4.38975338239822 17.49141384240494 1
3.7606666755117812 12.581841442369544 -1
1.173865423846423 11.719864072640853 1
2.265781413333363 18.05296203275297 1
11.373880546487689 17.24980557625725 1
13.056923825762931 2.022544791969978 1
16.44158133525687 3.6363520709346053 1
8.070475098543394 1.0373196326822076 1
7.244071061187092 10.870096144933854 -1
16.91513623165732 5.544344498249396 1
14.909518598007738 5.900169574246689 -1
12.821296126266187 4.8797786020646345 -1
6.565449691135907 1.1052123998876695 1
19.32260189726164 18.568312665128992 1
1.2113957395114827 18.335076771068742 1
6.437166929362148 4.883594304165168 -1
6.097945426318034 7.821840370027071 -1
5.612254453987784 17.70592953374489 1
0.807911184738177 13.47723961588644 1
13.959673812277734 6.636963258559383 -1
18.9678755506812 19.49406737561832 1
13.155576519953067 15.186749821995328 -1
4.7983161907805965 6.929005587588007 -1
8.30684761657026 18.89636788440709 1
15.392167625157029 15.607744550815516 1
1.9037233417584631 17.21809320197655 1
11.033104800192891 11.6327219167985 -1
10.193716737045015 4.480975222169512 -1
19.4539891952101 15.396619602691658 1
13.4363066484396 0.6233082898417197 1
10.261653227075001 11.385453288988527 -1
8.909734129933604 15.640250510198289 -1
19.84255758383854 17.91855057777391 1
6.524862563692966 12.676015477053053 -1
19.767981756815228 12.490763864219872 1
17.853244388991925 1.7092878462233196 1
8.81963036364579 14.236783999338577 -1
5.816508624890957 1.6690913814654573 1
2.0003560982771185 16.662044627455188 1
14.718079628410925 13.75412957694792 -1
10.77083962949456 0.4166254587604601 1
7.234683720669073 10.338468188448235 -1
17.629182498672506 5.1439413285654245 1
1.8867839586976576 12.356310315060043 1
9.577034490685408 2.9726547671450554 1
12.825196546729508 8.175339687069417 -1
0.8940110552867897 17.079852409274107 1
7.307783352974266 16.345593725584816 -1
19.16555012345785 14.538535693307175 1
12.460062043040814 2.455004995798491 1
7.27214374868711 0.2541403901080064 1
12.784628377760294 3.9675985998555885 -1
18.95221401626409 7.64075202054854 1
3.7437716056713777 11.70215409001274 -1
19.02740475953394 13.778522082866665 1
5.718606449378527 17.649968940626238 1
4.953694183864998 12.40496522424838 -1
3.189516828346952 19.576465003110805 1
3.137758679544842 18.88998794406848 1
13.49693126323637 2.7539623777854416 1
0.7356405821712042 5.609529291296285 1
19.488510167745318 16.613729069242883 1
7.711219442634281 8.826316730328102 -1
10.387070673182492 5.723555203549715 -1
3.592467817660967 9.326115388646386 -1
17.619143794382694 6.153129355326003 1
4.349887386895643 17.307922979868657 1
0.39986486101538654 12.863297836407435 1
7.783516208401409 1.9839342427565243 1
19.673074112726937 17.248310634861028 1
16.413880404710405 10.269675651128459 -1
19.931267240424123 7.857619779237163 1
3.0697907305298733 10.023887119058116 -1
2.6650952441297338 13.767303677452178 1
2.6234006831647205 6.511672749755098 1
0.7686348193586134 4.694974704670067 1
10.417471820539568 11.791565197982194 -1
18.738492265245004 8.904192516689386 1
4.5815357900311255 1.511508590786108 1
7.365046723125461 10.584834345877425 -1
16.255780762742035 10.204941142167367 -1
19.775318840793943 2.4723990362277792 1
0.0022200241289072054 4.123822286969226 1
1.5012265455533758 8.520901947844068 1
15.281996100657778 19.31176947595005 1
15.14447176797452 5.232536366735063 1
12.795880746149376 3.9749090930341358 -1
17.70029806234326 4.999317177694702 1
7.0131097692340045 17.380284914202 1
5.740666403160359 10.24289681379891 -1
17.259512308653964 6.059689288948742 1
0.5189157803596545 16.610667420455968 1
6.288151650512441 4.99510130462228 -1
10.179401084407507 15.074782791366292 -1
2.4774451936874042 3.3101266572118515 1
15.318393858596032 2.4481159907677186 1
18.476399057390406 3.9844448441240687 1
5.522599523810481 8.82570485302322 -1
5.078811235736649 4.488189469402595 1
11.882612219202679 15.087679045236655 -1
13.479118712021032 19.216483310668366 1
1.0007549341352973 16.929894413913573 1
7.168429899721433 10.552181431429403 -1
8.34451394598064 14.228943798962773 -1
13.59851994005756 19.15956181745222 1
5.31035343501757 7.028306150112138 -1
12.673536575338328 11.682439381891443 -1
15.438380446917515 12.930221981924518 -1
8.413790762569375 9.256129740562082 -1
9.793510240576369 0.917029920589405 1
6.830387889642511 19.342343485642303 1
16.213541259047005 17.941178072301355 1
12.413796708719353 18.930115985383335 1
19.078364939400625 3.0637039233640406 1
12.671958525595791 6.645076567857644 -1
6.673398508329862 3.4277071794380953 1
10.795758369507997 8.547560273120595 -1
2.962713423895076 14.694348044283371 1
12.601176385397771 13.557259532345205 -1
14.252597979943465 14.851794352183411 -1
6.285542469924003 12.148364510217373 -1
6.757658020381556 9.681934343632701 -1
18.539208503684378 0.19656176328975095 1
10.440398455515021 7.493699257834859 -1
17.638456695054415 16.25270122199809 1
9.12394170163417 7.847761431973776 -1
12.206709661127288 17.056491926470798 1
7.317928288359008 18.312221601416997 1
0.8630456025551481 10.00477794736627 1
15.15206512852561 8.73800337092266 -1
2.0836657192872243 15.971556200273497 1
0.22839237399989942 8.43504833510465 1
13.820008264753236 13.959410819563704 -1
5.69476384893864 0.5158603919502092 1
19.707665937953532 18.454277566448965 1
14.98984866439827 5.317267235117011 -1
1.0076335406014647 0.8473795999130029 1
16.393835252933467 16.827194751986365 1
12.18974518933013 2.1771861855176544 1
17.15623093439418 2.0784809094743983 1
17.96357070087811 7.202908439967439 1
7.682244859830732 1.1296516636690312 1
14.22509377903231 3.067812615182335 1
11.959457194480507 16.01861718244688 -1
1.8104979449091974 6.304147900310355 1
0.9093889831490265 4.576467847569532 1
17.400873009026657 18.493322121270257 1
19.449452481356854 18.25633815497119 1
5.291983452003414 0.8063801178742458 1
9.596987122365562 19.10181105709722 1
2.0645351296551517 1.1475660764841655 1
9.201668081915424 9.185185374895868 -1
19.511753612836234 14.157415277624592 1
14.36118625245878 13.974794495959607 -1
0.868293223850054 11.123524294317512 1
15.86942268286326 16.169856350372743 1
3.508744246190576 4.804653885404795 1
13.506977501310436 11.75741139836887 -1
11.235405699448416 18.009880236579335 1
3.832758165581276 4.161632894411813 1
8.914254362128585 8.683905697361796 -1
3.915967539189229 10.684412499838176 -1
14.42461246462393 12.538550933929852 -1
14.10102319558985 1.2528911256259212 1
18.930952469435887 17.427275832448274 1
11.244030084257442 4.664503358711006 -1
3.9707015299181014 12.795082840261307 -1
3.6663390074581925 12.2412776546793 -1
14.02346107796893 5.030837464388642 -1
14.639935399614863 0.49881872254090354 1
8.878053867959679 0.2594590204473257 1
16.426100132030257 19.54929819647875 1
3.768890214554852 8.866184090684401 -1
9.681263281167414 17.783815240977493 1
7.994439459796723 19.180715869136733 1
8.663680740530284 6.8568069041392965 -1
13.237774099085362 4.47579279326654 -1
12.585912091625344 4.549912833384154 -1
6.16480297383069 11.575772896968253 -1
17.371954373857196 7.007187981796397 1
17.202908338763375 3.518717826089617 1
13.813995734651623 15.386120845389286 -1
1.312592237373349 6.2862043561591445 1
3.6194938413606947 18.546473207622764 1
10.5842648022576 19.41242400163646 1
19.96109648229305 10.643415110865178 1
9.53047320619026 19.96984389070506 1
10.5253175132812 6.206843446540273 -1
4.313439263566785 4.456353613476711 1
5.938364113572529 17.905770911106455 1
11.380626611587845 5.948490018846075 -1
4.635130068395346 8.429643308744419 -1
4.82195930162028 1.7716495249385655 1
19.524896293855786 14.610293441008213 1
13.868283069823297 13.81906510081711 -1
11.28816027818626 15.342079256999703 -1
19.080836950043253 17.38673854834576 1
18.97254907769132 18.171675238891993 1
12.959838460138293 12.515509073987412 -1
9.695187299174119 1.993561323769173 1
4.4687844530441545 6.323529515757906 -1
3.70375100415804 10.775188844430193 -1
14.151394732035547 18.22930778498994 1
12.681536478967503 7.69293754132212 -1
10.091159312491719 2.8805017335018035 1
16.11828379793724 18.175892400652742 1
19.063326136627698 16.184187256062636 1
1.4752695039164765 16.87774963504811 1
17.321908953890226 2.403590284050372 1
16.974681912387155 6.6668609885655705 1
11.630951228792142 17.71181586275651 1
8.119106728608262 1.226593975331518 1
4.741286864027703 17.715229414402266 1
10.823367006582236 17.288805352687547 1
5.347349198853484 4.4348803544626225 1
13.156536306684579 19.91964991093794 1
15.717027198595162 14.361393398341278 1
18.980619794210448 19.00809197107407 1
17.088775676367824 7.398323735135781 1
4.5442927999667475 11.459466856573508 -1
10.682135148433979 3.716660332741779 -1
19.319360332524955 16.45190601916071 1
11.831580693557814 16.498048890588528 -1
13.667003060457667 11.16172065050588 -1
17.39334136175922 5.067632447231949 1
17.179710872088563 15.796932455067406 1
6.010172775621885 9.911119160973065 -1
18.457262724784428 5.177652691506031 1
16.961493385445582 19.28412509502776 1
3.928852375002727 19.954359003211355 1
9.594725595471079 4.741575718790543 -1
14.12264044358789 3.0136413012937435 1
4.903261877813887 11.548176850821763 -1
7.252072548676494 6.168850272310751 -1
19.953361182865375 2.741779021428814 1
9.199604537343951 6.965175079785013 -1
5.590770557699831 11.07924147362535 -1
3.5141461634344906 15.301537425846654 1
15.698786851587856 19.005230287546873 1
4.54230907491527 19.27964630865323 1
10.2741654596593 18.73804120782941 1
5.231347762155543 9.19858037675452 -1
6.005973464508145 18.25325291885361 1
17.791975103898803 12.913784410403004 1
18.223696193864136 14.211491785145471 1
5.291655564030111 5.0618079734191035 -1
16.374896400815363 6.81250739539421 1
2.568197680638502 4.3378863821788 1
1.5457917516681996 19.495689877459476 1
1.6946990274800289 3.187769539047187 1
2.954973539162331 12.436471123554549 1
4.951062887257565 10.096621864763112 -1
1.3090085016432829 9.893179467514056 1
3.9104818500717275 1.123908110835723 1
8.47434528949736 9.607414072498006 -1
7.048761660769922 4.055957446609371 -1
10.891420058888654 19.218637218069542 1
16.63093260806146 19.127119753797356 1
0.18685431065172065 12.03330868451185 1
14.963446678540839 6.533097449004703 -1
0.6254979323036358 0.34980306481051215 1
2.3921848582240934 12.931686802661504 1
11.719032669600153 17.705565494143126 1
3.5189714850430276 3.536043988886912 1
11.928907456350089 18.048634574632263 1
5.494504508299956 18.65768840525811 1
19.11397978003979 16.038888429149512 1
0.6652346769814854 8.637737360866772 1
3.033420672712923 11.387441194575576 1
14.459628665431932 17.626766033442337 1
9.362407349795227 14.388847200200978 -1
10.277783400775991 6.44782958320387 -1
17.47603909777989 1.4658290242645 1
1.4973083458470815 15.292315957373134 1
14.653004360563086 2.6923122215727546 1
12.783728515215614 0.7644275943260981 1
13.419171434337818 19.349034677716595 1
3.660277154691536 2.1044797506784896 1
0.597049254483526 7.821291996202091 1
9.812822502578925 14.70974981441167 -1
0.5841559131644591 12.792127825005533 1
16.91145816344639 9.838634191702218 -1
3.367594134620069 6.942694629348476 1
10.889848545728928 9.30023499918789 -1
2.0626766575084288 7.417433758064789 1
1.448062072738312 4.036861051575618 1
3.5623131197528957 15.944436746264001 1
19.488071319852423 0.7641718961120181 1
9.871437923204445 5.563778980350811 -1
12.345046426045851 0.45524885192628206 1
5.405672871895629 15.495170688872728 1
7.932228932990528 0.5498026490835883 1
9.88011507083141 14.643856723732432 -1
9.509241943636322 14.610745414673897 -1
13.376855917324297 17.207865343233323 1
7.257319729740026 19.219395841126627 1
18.553497069948094 9.035778488361705 1
10.46421103993999 5.5519278330205495 -1
0.28599012694117354 16.87941015462132 1
5.748926696259753 2.2500225713885658 1
10.640044807659201 10.675582468055955 -1
18.68879204254724 15.760685887265598 1
13.710441571173321 8.035464993347574 -1
15.009973569649496 16.777650841901504 1
1.484024679365883 13.307276706648599 1
10.94359715704683 5.3006686890597665 -1
8.103739628538584 19.943702862870904 1
1.3947710859775797 4.5356238935503495 1
3.98459537425065 11.357580071774668 -1
10.44655151435833 12.002353515981653 -1
8.738446371877 17.550425502449315 1
7.1102027203719835 0.7741391091743544 1
6.862734936295598 8.015600828543816 -1
14.306869293141178 10.854603511049985 -1
11.355276593213695 3.084190852096391 1
4.98684667077325 12.353489391122828 -1
8.667198230665518 14.61789799574008 -1
2.3460807954478025 11.971211179969695 1
5.216576994726783 14.032118091709078 -1
2.5481359467956866 10.894686539581757 1
5.497346234143386 10.778314598521916 -1
11.66784003947628 3.964827569995253 -1
13.499707660365857 15.385456034193407 -1
17.94077644529079 12.622058983144179 1
14.477121556054415 3.1221523448231125 1
19.433927403958993 12.738333477829752 1
19.050619886125546 18.37351702407363 1
14.357858274682433 8.817903877482289 -1
3.927028657673113 14.631502345001678 1
3.283229857282539 18.123100036081198 1
11.88313459600092 1.8566172429362227 1
9.369237361869839 16.056945787286484 -1
13.081177064587944 1.779143444571174 1
0.2848704193596263 14.10117860143917 1
3.7191688420419 16.802749943068903 1
7.18639182191523 18.274762824887002 1
4.026332720307733 1.2725593159106041 1
8.337647284312489 7.4222472668434225 -1
13.254149482339425 19.386158308539017 1
8.805258713649513 18.4251916352877 1
0.33667759472995495 4.810374489144696 1
3.909826061612316 5.945454297692974 1
8.785093227506191 6.333346358383061 -1
1.134307093218505 16.446386476046158 1
18.921419930524564 4.7430470639696765 1
2.154291612304169 1.0540673741353057 1
12.603952237143183 5.224363219905149 -1
17.650556523924706 5.052795785214705 1
16.227105897501627 7.496837770787241 -1
15.636602898189889 3.1164537336975973 1
14.656284139863052 5.017151850074082 -1
2.1660005264455218 1.2814598473103334 1
4.61539988946803 16.823040754099686 1
4.095980535207957 0.8693001443470538 1
1.903458080213658 9.991668049542934 1
11.327447321471002 15.404854037923183 -1
16.245780008952735 14.428806474938362 1
15.544619316860944 4.583995202109761 1
1.1985890633403806 10.614929477449756 1
11.368761336305212 6.238712412711001 -1
7.069632354672242 6.786244963710855 -1
12.173991805344787 8.261036826837833 -1
6.816154723734316 5.955968149810067 -1
0.19827329444980224 12.737830311395637 1
6.328725907348247 10.92861315414579 -1
2.7295195053375387 7.2079372415382 1
7.215622966483874 7.599016792026405 -1
4.901679120202318 16.345316266345847 1
14.422698791808553 5.56617282578364 -1
12.217778974946874 10.586059262376065 -1
10.033879670288394 3.8924941565264337 -1
3.4944916627233513 17.2043953310614 1
1.3552944760666907 6.699797238793932 1
14.354217922201775 5.651823518478841 -1
9.328957822204028 8.319620437172333 -1
10.855909653959927 12.218713960387346 -1
13.896150009166925 3.8776356256286904 1
7.384049579514356 19.37289888746137 1
12.640302020530266 14.494651062711704 -1
19.42798382115494 10.229643774636285 1
7.354499561368117 13.029882267893328 -1
9.015032658702776 8.676749890968347 -1
9.440319281115348 10.143857251257952 -1
5.118309673488961 19.570036493339554 1
11.058054904965708 9.042558792293363 -1
15.595686854464173 9.787398065187062 -1
1.3789289691995599 13.1181045894978 1
15.12796309151659 7.219125749186206 -1
16.24028029266838 6.774321261571754 1
0.8093884569377718 0.3841901585466978 1
0.8182919320565452 18.326700338523686 1
12.442188693121006 8.897891288027605 -1
14.882978545821066 14.779477349214051 -1
3.361195407750859 2.3256434270730364 1
7.826506400294626 13.494845474684903 -1
17.273590845426448 0.7909384648705542 1
6.296427275605603 10.582733669236955 -1
4.400617819628605 2.5685987285681633 1
17.297355103830547 11.324988218926354 1
4.98133497597566 17.089277654689184 1
17.04720509907364 14.862776913741314 1
12.584721255551637 8.649552941293576 -1
16.278545408464293 5.981299510142137 1
10.00535765928891 7.674638261476401 -1
6.279690958739421 6.883306941611447 -1
13.988992825046704 16.290455892405387 1
8.546182168737486 15.326538260196454 -1
14.227143558299833 11.88950042220166 -1
13.700558808856213 12.24958276281557 -1
11.737531448547072 7.83384651275465 -1
12.247235823929472 10.771807880568442 -1
8.10174500200797 13.49754464172028 -1
9.015936057675027 9.751363400901024 -1
12.820211698743105 13.180910529377769 -1
18.036717955468767 0.289473912598861 1
5.7752108463921115 9.740162355034037 -1
7.019995780520452 18.031167920091978 1
3.5347689721458764 11.655048627630562 -1
3.3253412514818304 17.467112700743375 1
12.124467479356158 11.07335931220178 -1
1.22679304915712 19.31671838887369 1
13.923890219893718 0.8267305737947472 1
14.187445472806754 1.2770134370190123 1
5.61883952538321 6.486612988776843 -1
1.9577364396774355 17.466259484439114 1
0.8179104279865723 10.020729178640437 1
9.342107846550094 9.891063039090762 -1
14.303332554356377 18.012795997365643 1
2.51133985125777 19.64302265068599 1
13.874046061464107 18.459378519376965 1
15.754513362081962 8.897863020460724 -1
3.9617830362039252 0.7593224786561215 1
11.57938880672737 15.307695311198566 -1
9.573717255831149 1.3602430575582702 1
4.0560525843594375 5.104623545573053 1
0.7468210211848847 0.3660962305632154 1
2.2832014632242204 5.055290893274595 1
16.898422423727474 13.123784541567279 1
10.564006724308063 12.421896578736181 -1
6.325406830309008 11.026016246499141 -1
17.85041013725553 16.427464562456194 1
4.390757992654795 1.4889924615478378 1
0.4564758585691542 8.743876313362001 1
19.209811014400024 17.71041737961388 1
18.40099698270866 10.992311169377674 1
0.999466224003347 12.372348872760167 1
8.64693878193588 5.02649210369662 -1
19.109818289999204 15.79593687246467 1
16.34723862420653 13.45218685964312 1
6.744851521641813 6.612999884895063 -1
0.0029710978078423267 11.66352654860762 1
18.168843675512218 9.258737125473768 1
7.915406746846476 1.2502521817582646 1
3.384610609824783 9.97513720155224 -1
3.215743016092658 17.562915784033688 1
4.656585500781341 5.086902725797051 1
17.084805271116146 3.970040811898272 1
13.18772128723654 13.39924510724219 -1
0.26312281765977996 12.385985855910908 1
0.49695737848414634 11.599378563109807 1
6.658455697961738 10.997099607875136 -1
4.964801577348245 16.3033987784523 1
11.848455313468191 8.700532541067645 -1
14.545691754199785 1.8050392526403791 1
1.8686419839259139 2.9290452149641255 1
8.575819953222311 16.910408397509883 1
16.355766183535202 9.327719149460131 -1
9.225406534979507 7.133205626746328 -1
5.559651072731362 7.881255683646337 -1
7.873200555673234 9.636688989853573 -1
6.628358494680677 17.242842050419142 1
8.280709299630725 11.164912017518361 -1
10.3838419741691 9.662547827085463 -1
6.740084514989171 9.264427643052251 -1
13.115701336007628 8.862868939871015 -1
8.118452241743647 17.950729001622793 1
17.71614226914231 7.549253733594896 1
10.766571211911645 11.026331257023799 -1
1.4964943517756035 10.264137878848299 1
7.528887715160877 8.813976685660588 -1
10.273826718121008 10.990721546724977 -1
7.851439704493166 9.194598451566772 -1
7.905570282133596 19.804911290940844 1
16.14262798203037 12.828209973292415 -1
3.949742916782941 5.706774459799759 1
8.195876514368752 8.09892192911154 -1
2.3763206297861394 1.7393753116084798 1
13.320253805253516 5.348228694532389 -1
10.17345268960501 3.9042606249812906 -1
2.8445974608483415 13.418440717337281 1
14.597479279971662 14.736839114277796 -1
9.768875627688399 1.2003559662108043 1
5.5120836899631005 2.301576360449211 1
5.134826775468375 4.727986796218106 1
4.280868263798327 12.041200296931384 -1
7.688338531485817 10.761577763602524 -1
17.312866687834326 18.942545671598804 1
14.488709566883768 14.280332105497077 -1
5.9635716005639345 19.244056652327487 1
14.179327451299862 3.5372679367056636 1
17.71976454705499 2.10687862088905 1
8.45345039866845 7.3153271799905255 -1
7.535040563337992 3.7306664691559477 -1
7.878923739354537 17.516451008883386 1
13.579405012333147 4.72355769811827 -1
3.4772766890106865 19.813760431717405 1
15.96279788628741 6.68484020479047 -1
14.360725099499325 16.220967414566438 1
18.171487129402273 6.382729568811123 1
0.7136105834774997 9.547461595641684 1
14.852569133187412 19.502356781067704 1
16.929658414849445 9.093664891147718 -1
15.014801773385859 4.509453637419865 1
17.19565882080101 16.945121537965612 1
13.100855345454953 12.768058998648112 -1
13.196478340605767 14.80733563319503 -1
17.98114131646543 12.5930249332955 1
7.135770973736843 10.190670970141477 -1
4.268411408895196 17.06784531841387 1
6.13196787707623 5.202236435157815 -1
0.44432805191978453 8.921128714321533 1
18.083466648628868 13.13993713786182 1
2.4702833609086605 9.625352678738468 1
13.290793572765908 10.747430935682774 -1
17.281681703100734 4.690418990161243 1
4.795380242333365 7.5017529633723745 -1
4.562992749545116 13.842631608817715 -1
3.713268313598801 7.15285336090993 -1
10.797933773942301 6.119105054300016 -1
14.536989448612221 0.07842688799042152 1
19.309752710082314 18.75716198690172 1
4.12494847017479 12.12716393440937 -1
15.620825411874776 18.053843123398696 1
14.780737508801504 11.990029771664652 -1
9.8608445739019 8.697036936828955 -1
4.462776340015456 12.535723424928529 -1
11.393833374919588 7.048659043732657 -1
7.884220340761785 13.063397923044555 -1
11.94580484418497 15.184930502320013 -1
9.26050260897496 12.634686708088193 -1
11.026665414628646 17.066019034300194 1
11.6611803984051 6.145728361149654 -1
14.033363055065774 9.686369159875214 -1
14.007153282074025 19.519190347819816 1
8.698834359064636 3.8545468126142146 -1
14.1250075615101 16.826479973064664 1
13.45551828995922 4.221782288905185 -1
10.235978048806905 4.957645828271316 -1
19.453416926570494 5.20591101859619 1
9.956908072634379 14.32635364720192 -1
3.2889185886781647 3.288012442539703 1
15.653075789280217 8.43784115912688 -1
6.818954741502797 2.4421013600285058 1
0.20715072969663684 2.190249056114708 1
9.769261065505715 0.8522298570039766 1
18.65393205247911 18.514937210165872 1
12.81472936534672 8.366894258646056 -1
15.4270548123826 7.426537263302178 -1
10.633705529423313 10.107952110437942 -1
8.497170766333397 2.8407381631088824 1
19.183087454540967 17.592868822705796 1
12.585764002259424 3.515366195344156 -1
17.793301127824247 3.2179237850025566 1
9.772970106722545 7.6286899549266485 -1
0.7540935616886979 2.952631379226538 1
6.149495269811814 16.141428915105067 1
19.464885737418435 16.119869547327564 1
6.228459424276524 12.073334511456109 -1
13.500380364989413 0.7284393593433092 1
11.199355080004052 8.912082392689843 -1
17.347200855384777 7.340300666108992 1
12.422953872170336 13.923483409921033 -1
17.06487560703424 12.964371733448543 1
5.2937677933201694 1.8159778121627168 1
15.914455081807297 5.042430836912843 1
14.885896866731716 2.165259090002807 1
17.554081361156438 19.837274306347894 1
6.320785004331853 4.640199914446004 -1
19.787529950873623 7.073855886053694 1
12.682115143127985 18.541092144887884 1
18.716173503157915 9.389907987401118 1
17.873522438429262 17.879262037767752 1
14.275174990268598 15.061426350682359 -1
6.900355615229705 8.25678186956155 -1
17.056384051482475 0.9372605918224552 1
10.78425475705464 16.144096374319755 -1
15.061905023956976 2.5861431772843346 1
19.778504938981655 12.168486925079613 1
2.747859192336126 11.372534542533487 1
12.522908310092056 7.85337977891825 -1
18.361028118587516 7.0965335329021535 1
1.3316603466716659 11.634175311910028 1
0.23962011385982418 11.737604928256943 1
13.858583364159621 7.642463105774285 -1
1.6381673346508285 0.48637298773182014 1
19.47872542250572 7.386726310005589 1
16.059479716676623 19.541060327976854 1
10.117746307271238 0.6227657885194104 1
6.165318164906415 2.205225398204387 1
0.4343600710783213 8.09824573511113 1
5.560016934805203 1.5380701815437403 1
7.393264719801089 1.3233082583159783 1
6.43190702960055 12.461400430878404 -1
14.542133885819968 5.546708766236399 -1
4.1422178548003235 15.00258058243597 1
11.268658169397725 0.546559579118373 1
14.684304604608789 12.123669451305076 -1
15.343712767675248 4.8353713418968125 1
19.986451458717614 16.418998446550482 1
0.35639795308096245 6.909987974237235 1
0.525760621427076 3.542832608580191 1
5.876110657306404 11.486222235667004 -1
6.860710681992908 5.1208446362910465 -1
2.1500687737774427 17.24327563085382 1
5.532885798722436 1.4873359403327546 1
18.301067857433253 5.4980245081657575 1
16.121786576706555 3.223128660780903 1
0.9901671706911186 12.01566486853647 1
9.100661817608193 17.526227287949773 1
9.178345707211154 11.675802465563368 -1
12.461219509513203 14.37842686941227 -1
9.652631919327687 13.864465144512776 -1
19.920512640918318 9.49474612590075 1
14.735340850266441 9.330804783481897 -1
5.837126337419665 4.593744666397881 -1
3.3741000768049467 12.17071000941268 -1
3.788165833996362 2.0651927658099045 1
6.795683522443234 17.234838425334537 1
11.646597319885341 15.74283172871155 -1
10.086510254909038 5.86726848272598 -1
18.357188025361097 0.31856331979450037 1
12.791335469659726 15.021805803455003 -1
0.0695341568779817 9.034417311243496 1
17.380568082997577 0.9127139289622899 1
15.976924390657029 15.039741764481905 1
4.845864222106782 5.899320530544124 -1
6.240826875795085 11.125510565292384 -1
11.221722994152945 3.489910323190686 -1
5.090565494377741 14.969263355005271 -1
1.3819263770749357 18.56086644948069 1
13.44053604180232 17.86616164830986 1
11.112488064616596 0.1782716196367362 1
14.191235991568348 7.577275720596033 -1
14.299733842610504 10.155991555636295 -1
19.827514570039508 4.540228822029951 1
14.669314513894143 9.882355617915326 -1
5.968544562820844 13.098712428228769 -1
9.155342975704455 12.769598624228784 -1
13.266816632052798 19.69993402715775 1
18.59841861120049 4.164555537843853 1
13.392727886059033 1.7058027803589204 1
19.056727244451885 8.013349436354575 1
3.2781695296576996 2.0428427236291014 1
3.215388396860186 3.3569324038059523 1
9.073112094912592 3.9758436697891453 -1
9.895462395207481 2.90026683824 1
9.32161383097136 2.007769197220002 1
6.030932352206538 4.331196781075921 -1
4.091209827430475 14.031456311933425 1
19.329317141322505 8.640477684706207 1
19.695328874969825 7.128504744773359 1
16.133259728391828 13.100520225970344 -1
1.673399595344811 14.675676280118994 1
2.519892813647122 12.385168163972837 1
16.47480345677323 18.85369079489035 1
18.361440870853794 7.903233323750472 1
19.45963712571305 18.899332661873597 1
16.02617502427858 16.873255702318144 1
15.751932970909282 14.128134976577176 1
5.648018511198822 8.730175625212633 -1
18.94950879272068 16.62979367231167 1
15.348787970831614 14.519496119442381 1
9.881844536170512 2.4225369290428844 1
17.833357266580986 11.566619695654401 1
14.184613127535766 6.333084192232774 -1
2.5964747890783557 9.790962773991836 1
12.349846334194162 8.683571255490246 -1
4.636038090796846 1.295871926236447 1
9.856858643087472 0.10279933846891298 1
6.44662046382124 3.5720025557146973 1
7.459398564384346 10.945548712774436 -1
6.744241607773615 14.680730630241536 -1
14.795744733539006 5.725058137120733 -1
19.65160977532123 17.605366609040765 1
7.824021809795529 0.4013424866819659 1
3.6753762552143265 12.676006792646726 -1
4.4039010774398335 9.219723645424589 -1
3.5557734930763707 3.6463561732039063 1
8.815632198252638 2.6711041959244985 1
5.793255562780426 0.19935489848039278 1
15.89488697906335 10.83325904836961 -1
10.515812585516585 10.526221386054049 -1
13.00186079548723 12.74897614616367 -1
11.645998270990404 1.5481027642200273 1
17.194724198624264 7.117761751896856 1
0.4814544810725696 14.689464520631004 1
11.7280308301084 0.6928237304636431 1
8.10939197016836 15.089280384677332 -1
14.649451308403671 4.622928182306647 1
15.72458834952739 14.604902992049295 1
19.042484948282162 0.5647493420556948 1
9.524001333691983 18.18079354398718 1
14.026856941071603 12.264752856847256 -1
11.62740894497822 14.056172141127972 -1
2.5560718701012264 3.576414151206866 1
9.663262969556147 11.179552226296646 -1
10.587383608518241 3.828324335970348 -1
5.745609701617385 13.253744969886657 -1
17.5537645510415 1.265332063807194 1
16.545519372550647 7.3162720124659675 1
5.524206260949327 5.693698275510752 -1
10.367010375003096 8.923362729546433 -1
5.086706498188123 6.305074876205103 -1
11.163596959024538 13.299429465817997 -1
6.059831388577721 15.971269809437722 1
8.54458830316199 16.888794880634872 1
10.80484424502876 17.284746083069 1
12.43528506290973 15.621968231505042 -1
4.615950264060411 12.707633705350322 -1
13.217228380131886 13.798033761695418 -1
4.4742391386913845 4.683850574830622 1
12.1377832991379 9.967903478604509 -1
2.0312182584775718 18.052764204413624 1
12.6032144744861 6.644832365690123 -1
15.870397580141818 12.956072674401325 -1
2.073729940520308 12.600527564374486 1
6.574034463974883 13.204341184371497 -1
0.9900692132885203 14.562632373808235 1
3.095563249520179 18.560877799528555 1
11.914994230281176 7.57545130026636 -1
18.292983624102664 7.849353553601688 1
8.144932374030313 14.602372088319541 -1
11.217090471597299 10.316945300374208 -1
15.840077546375255 16.816778701907815 1
18.321551289143994 7.3569578074052515 1
11.897454901856161 12.764461511922953 -1
12.421881712187847 8.887781180748917 -1
0.2944962805584228 0.5437725438317198 1
0.014282437376667012 11.63793433166438 1
5.65119276935139 15.807701453150253 1
5.295761453525511 12.271773782298968 -1
2.9162767243487564 3.6660594552508052 1
10.509155044136701 0.5016280169956411 1
5.159707196935594 10.965751741157812 -1
12.355495026726773 9.645626639286606 -1
12.600394502414552 3.9020190956620837 -1
8.688232607595657 4.674026962740683 -1
12.248163352496817 5.737135162223803 -1
19.22214962048647 18.88518453165362 1
5.049273861260588 0.13263825199650636 1
1.1833800821164298 4.455942853995216 1
14.274914631562456 14.228410601955975 -1
5.053039234287131 12.381607905714917 -1
6.340790898863244 4.13732032031125 -1
15.39663123924413 7.518444925881735 -1
15.959789790181691 6.90618129910116 -1
13.055798125034102 6.054297592164348 -1
5.024465246303629 6.8556695787215505 -1
12.116084042471183 6.712041687897525 -1
19.80322324747242 16.463508816291966 1
19.584598552808657 5.4255252168845995 1
13.184404369804517 9.781550626141811 -1
6.20218841173682 15.596900756632984 -1
10.477930682273179 0.7769519508919709 1
13.101155878921897 17.52690444052483 1
10.166146699774403 11.334848544195083 -1
7.765012483436411 4.481846062180937 -1
7.273432263148775 16.674177817467697 1
1.1550377344074114 18.07927337225396 1
11.041646603684852 10.034754593159237 -1
6.0833801037258155 5.01342376645272 -1
4.612511439676257 2.694039332448981 1
7.0455674684175555 5.9317866936868775 -1
9.576246050639954 9.46238344973337 -1
14.964040579610426 19.675345204086565 1
17.498218092915984 15.618388336751611 1
15.746915149786398 18.043152242419488 1
1.6077458467355332 3.4847124773639315 1
19.636470242444066 0.4102529998334359 1
2.5397663872641485 1.3421212688233997 1
12.622630809722544 4.439489827104537 -1
8.140200526853324 9.491771023775096 -1
17.13214647887463 6.504035174628882 1
18.0514200233033 1.0426563985909265 1
19.60700997572965 10.604423804081797 1
13.902469532592445 12.945286277908536 -1
1.0311215595616008 10.204747675178421 1
16.906516367940704 15.994712409029084 1
13.258095223743592 10.261650696762931 -1
7.845260307741986 12.735901961270212 -1
19.274529921362188 13.767256340762836 1
2.4980904785278235 13.00532677341531 1
6.008317452362945 14.237326317990323 -1
0.2708483239143522 14.148154628664484 1
12.462123106536575 11.220974225633203 -1
2.5688594358479655 1.615106807207043 1
15.448008464313201 4.547064943492909 1
10.316237166451819 9.81938067678308 -1
9.517793029369574 5.3627164263014855 -1
10.226558411094507 9.569287369762707 -1
11.609665542802183 5.981910605797733 -1
8.001278085512702 17.969497140785467 1
11.27025938632979 0.20855441886429515 1
11.38908792020846 5.83827947909575 -1
15.475950218602252 1.9656335338324293 1
3.8091438595876492 1.550429232848003 1
13.877854187100214 4.092834833421149 1
13.389691582195322 0.6618186654472114 1
2.964038980531769 3.5769749844514775 1
11.437772243379385 2.6238425219244577 1
10.386274605536128 13.045913930124932 -1
14.060337938638314 1.801725501600302 1
12.984735220560085 17.135782435053876 1
11.429890770788651 16.119414955374136 -1
0.15125745922973666 9.911597763735537 1
17.002302248167965 3.4306297000467856 1
14.377743633506912 3.735830391877628 1
0.9774316748934386 3.126470064132736 1
18.75570103133456 7.150143547224417 1
9.428918768242776 6.394537384236349 -1
9.907467059634218 15.93965454980073 -1
4.016930720488063 4.881103903776656 1
13.456837010015155 19.56542978317278 1
4.271922109458859 11.737810930926134 -1
19.410960768528263 4.167577144949142 1
8.538192571779458 6.3601682355951645 -1
17.28234688673225 15.306481808363767 1
17.14336796257326 1.568294162367052 1
2.400783517664291 19.105403727737052 1
3.3332702808711256 5.91356002604609 1
9.763225755324875 1.2586375376143488 1
0.5717810456348094 0.08229888502484295 1
13.674847607893998 10.550396196144371 -1
15.985198650973494 4.436588591959813 1
9.659522930465151 7.809193759152791 -1
5.498891929809653 14.72485488292917 -1
17.456105109028755 1.179576935401765 1
14.524873250770646 0.5670874163573236 1
19.03801456575672 6.989538475543546 1
6.38885823985162 6.909239740478168 -1
12.663635997361414 0.8197590241660913 1
9.990312673911676 3.3943276770000264 -1
13.89529403134923 16.13883556155478 1
13.971288217541712 19.75042879262861 1
4.528421188181033 1.4006491142202049 1
14.60232567268452 16.445199233008044 1
11.9081392619272 10.663960368525542 -1
5.593673487353213 14.129340064645595 -1
4.677996188093414 6.881752120016678 -1
1.7047818089380806 8.702541915722154 1
15.032867894302619 3.8336669703542925 1
19.299661797459088 17.25317834179013 1
6.297503620106855 17.618400145491634 1
4.760927164734349 19.756303566928842 1
2.3867872337487417 15.365323536429647 1
1.0448153201281607 14.981835476237965 1
8.905035257135776 17.258943776959917 1
3.492104189446452 4.202597538433183 1
12.779549051725688 17.873892470360957 1
5.111296991539184 15.645934939363732 1
6.642042938887267 16.90259699272979 1
5.336493197302983 19.91422100825855 1
14.468349991016861 18.707726081373504 1
11.594181630366563 8.507209536233693 -1
2.4555119726573937 5.625861933103975 1
9.886479219858797 15.399356117811616 -1
15.512136049590977 6.343400142637914 -1
4.907464879428279 15.276223839768575 1
4.734356306053266 2.6446990853578756 1
17.18073903180891 7.131628197337536 1
14.800255506015125 0.634472022298922 1
6.075076358646275 2.3385756171399663 1
8.80851936757156 1.5129091574755127 1
2.8739937689984085 17.084983025052463 1
6.080889186127041 15.610327452583778 -1
10.705835239740953 2.113825836818888 1
3.291023844324763 4.3785141943535555 1
13.524479386837216 16.684016314090456 1
7.781206207618445 15.323615679516493 -1
10.932234409306167 2.197774341634089 1
3.7698281562446745 8.690678111278716 -1
11.630005838883811 1.4541219125930938 1
8.89837524322492 15.642065014097586 -1
9.820516618938848 8.690352417502309 -1
9.514577194002683 6.668381105716678 -1
17.444036748000606 0.048440802894982316 1
13.164805921398994 13.184378335432863 -1
19.251096217773156 18.10826650377368 1
7.84146658422217 15.839719501623787 -1
6.6695917082243845 1.1963375663299392 1
15.513891202750973 2.498695142636085 1
10.49316711419915 9.129223345450852 -1
6.37563357253306 8.684046346700544 -1
10.986730557588613 9.66355328386623 -1
6.390409156956185 9.014166956439603 -1
13.906164153778537 3.508661928927803 1
13.26158002185858 11.602055026838674 -1
17.638651828002615 14.930632022489629 1
1.4198910827989786 12.52244881161339 1
15.82244051608047 19.71890476714257 1
14.116915523454134 5.788110495310949 -1
7.4549605364124645 13.970472259157097 -1
0.9317754828816893 5.760027650368338 1
2.709769692822812 0.005311973811834569 1
14.295105217441053 1.3237128798277054 1
9.82944213242703 16.743876560656346 -1
11.454827943529706 19.037950574177366 1
6.6203135081170235 9.767190415499936 -1
5.99206871710974 16.41791288947526 1
15.343610565636148 12.63366117654649 -1
9.950369071509016 11.930523736739811 -1
7.851315279542788 4.15151578182326 -1
12.854711831602245 17.41177619826456 1
18.781369195378815 11.677707569237255 1
4.230177671571809 13.294000725157801 -1
2.2034720924399687 1.4547258309886124 1
17.82611106080103 18.650597026522963 1
11.080954870584884 18.183558330343374 1
14.277096412009262 1.7785824716520082 1
3.7188195449231753 11.314644792804717 -1
18.010095109982544 0.03899374975776526 1
4.976753145647093 12.335819296795268 -1
9.222366084298843 11.778758971013016 -1
6.162195590951887 9.386017179411748 -1
0.8724434024291949 16.831341528953885 1
13.386894661262254 5.437345151192277 -1
7.503467097616905 12.199590809384585 -1
19.219788045494887 2.7467420859110936 1
8.262001727829976 6.202287364931478 -1
5.468688703369306 9.956991651229908 -1
2.749839215103753 12.570224357630163 1
15.456895177912758 14.819186038885292 1
3.0025029473251785 14.786825971149057 1
8.589339119991337 8.045645781375983 -1
5.168747850068087 0.941330333156194 1
4.062472810593924 14.941039262791234 1
13.390173243354894 13.954716356905406 -1
1.7759589228305517 14.475795325675836 1
15.224038561894078 1.7961782186807973 1
15.31404610260661 17.34356997956239 1
7.138213357909445 5.20256614410235 -1
0.3371555004729787 16.01719320642759 1
16.770537964751206 14.144185214576062 1
18.947354351755344 2.3609174985378867 1
8.475174891156565 7.259945259078632 -1
15.964117099154116 7.122888834229366 -1
7.047928730489177 8.486579085077537 -1
1.695005720766749 16.532915969753528 1
14.817060999047051 11.1518067680239 -1
1.0976848511471027 0.28478789658214154 1
13.703706371874993 16.821835369088504 1
6.152554493456366 8.797239457698815 -1
0.600723125450624 0.4199565298107455 1
6.407527846982994 9.751564966620643 -1
13.705600066228472 3.628703408684699 1
14.585079450912268 15.403354429564814 1
1.4253367924826654 4.862891204051012 1
3.4651139818679733 15.187967688935625 1
7.636296899693451 8.358408050052224 -1
12.136436538166208 1.8834885562006942 1
9.224080483843764 7.841975094460305 -1
2.0603863510638765 8.667250270977522 1
16.78725820693755 0.956559856038377 1
6.398086008997279 2.296567405651999 1
5.27337526303617 18.262471557878808 1
9.934755755077504 3.259430356303068 -1
18.98313821128199 16.80584336961177 1
13.465283466380857 3.612679018565672 1
11.88220298078939 4.987767104908709 -1
14.105271286577633 12.144540271582919 -1
11.933169699800953 10.13222005835997 -1
10.084807867445493 6.624470671605316 -1
0.2743369555446207 3.378670506515038 1
3.7993205425172127 9.469132724301781 -1
7.2091055278571385 9.07898277554148 -1
10.34074797610603 2.428735220527023 1
18.149041263976255 19.92574665072783 1
10.679633499577674 16.34181567464951 -1
2.736773590268211 14.042449693572232 1
15.045726610921283 14.520432876550995 -1
17.950277468085027 11.34969801029628 1
4.334748055477475 8.137123866421387 -1
6.344024162194013 8.48000042364755 -1
5.894892492250343 2.090441392827007 1
5.567417514595774 11.82684770993629 -1
13.390730581192699 8.07979470745697 -1
5.055192721236521 12.789288221099168 -1
3.1552114797970954 15.548325796813034 1
3.0446781661060673 8.159426426573207 1
8.9236601550157 12.213385705561453 -1
10.272980219949073 4.162278129504509 -1
10.093323553764106 17.237605046646628 1
8.51466487128792 14.653245325124995 -1
14.712953865277594 6.745944147208995 -1
5.747192557096867 19.527424848800873 1
1.9580113236572672 19.766125865775702 1
12.330285780513004 5.435366269229036 -1
16.89745427326384 18.772061117857923 1
5.567068090148521 19.04723465003596 1
14.268130315867891 13.348593955196208 -1
13.994186045222538 17.542163499447486 1
13.61859886638453 11.482115797173446 -1
1.1478351811676157 0.7260686874205136 1
10.102029928186063 3.404394219937543 -1
11.665253048776837 3.596659575659642 -1
0.14328704735812492 10.134167827728255 1
0.1940550675705155 18.777433282503026 1
14.496063316630494 15.002580466151024 -1
4.823779385575264 6.544161507190298 -1
14.101180353846097 15.45746209807466 -1
19.7276526667193 10.708164394639471 1
1.3634625851362325 15.91957960576413 1
18.603175874793006 15.473603132329197 1
6.612998742114977 2.1071529056770966 1
17.19415900163245 18.104304898929048 1
6.768210273262751 2.6216168702766707 1
18.24473916665005 17.53494277522193 1
14.404638035403433 4.670398322785307 -1
9.773550383183544 14.00418046585117 -1
18.260540997088942 18.39603663426624 1
19.90931153912531 3.9339430313797585 1
5.212267126011508 17.29449014584691 1
7.745912148281775 9.937801754932867 -1
4.452457616565675 9.675914433801498 -1
2.4973506264358813 0.8693081418283644 1
7.101694952951185 1.128118148760695 1
12.81472469609038 15.07762957548537 -1
15.046875044094781 11.289147378266527 -1
15.601642605595359 19.458331905710324 1
16.51106384373201 18.197016337570634 1
7.217449568378118 15.781640329439487 -1
9.079012339270538 1.0914088999958271 1
12.66402583805309 10.235649505906785 -1
12.81309864402685 15.412450262200492 -1
2.6855666067110207 15.919919306804001 1
19.778812975821104 3.179126052614829 1
4.600459848592373 7.248259835597981 -1
15.859348718167158 12.27792637090963 -1
1.790156289833349 5.679508873930946 1
13.840255759275525 17.860205247094054 1
14.220742340636077 15.590113159420653 1
6.233674620059844 11.866407448439737 -1
6.005717600006177 14.04446072330998 -1
9.759905541881924 2.8676254574426285 1
3.5807268683709492 6.842315824549865 1
5.289890595355857 18.704970302478444 1
11.095267217999446 7.419414963833139 -1
19.58738479553025 12.9222150441017 1
4.469637566069988 19.021607319809192 1
8.108445047444361 3.935210440413899 -1
10.851604967316044 14.895692100051676 -1
8.912680925253282 3.743149043003642 -1
12.554335818116936 16.871134021518216 1
9.560974071746099 11.053034672647474 -1
17.75940415586302 9.766043499571623 1
16.333630928490802 15.966606891547963 1
19.42576290733574 5.657195286422219 1
15.319743399128772 2.149842779861677 1
8.58058187207961 6.817976334257196 -1
11.945842791925426 8.062352027955752 -1
14.726336775157442 18.526323346180206 1
7.159129185836857 12.987509498718897 -1
2.6737388042449006 5.722012520824851 1
10.517167866228847 5.694531813103012 -1
4.67830679676106 1.8950044259934606 1
15.903906971615756 11.244469526190102 -1
15.626368416464649 4.509319677937493 1
3.3459360465682475 8.542542646677836 -1
12.550982124873096 1.8093321964480946 1
5.088343005656888 8.438014109764744 -1
4.181426535487132 14.091113273367494 1
4.401452520220481 11.435550147865527 -1
10.39390264607828 7.8780978230183285 -1
12.949041247344109 9.828839973720198 -1
14.870151534450658 13.696837759776248 -1
18.868115214794333 5.018996579537673 1
15.909762180926654 12.047826673809212 -1
5.466971421396014 14.23902913181874 -1
7.066671091556702 15.398613732046979 -1
1.247995379561604 12.710757427040944 1
7.746754587008036 10.168027372221744 -1
8.841698649205384 18.337883954931296 1
18.90914064087128 9.799672835364838 1
10.487475507097802 1.485779598219068 1
6.78257176362044 11.24593013815419 -1
19.86648211948109 9.108646643312275 1
17.100526255979066 6.218128341039682 1
16.11872431001312 0.2147022662849074 1
14.192156632477113 6.294216711523147 -1
1.7047891271578863 5.827064021388779 1
1.4406889269413359 18.633377186096677 1
1.4670718412080586 1.0845002753648525 1
5.130513060630387 9.790744159986591 -1
19.187910503777466 0.5679067916264424 1
19.68688246984972 6.6611892018754615 1
2.2487949328102386 18.118026872679295 1
19.524497334305696 17.518433108897156 1
19.869029780609647 16.760258889100697 1
0.9132181397112715 1.0656865281269323 1
2.7584165005421957 0.19672083007447494 1
18.954052487104352 10.520489403105488 1
18.903907248564057 5.264405520811188 1
16.698540259063602 10.535390131091999 -1
15.428529569631078 7.583386197023709 -1
17.385611663570014 10.646125441732812 1
6.50487610069322 0.09792923628612726 1
13.353309725010794 8.585650377050511 -1
6.254972327922155 11.42619974037233 -1
12.937495811110445 19.56921760947954 1
3.056881734729071 13.066106828740287 1
6.068388353951095 14.545757123811882 -1
5.224261613759246 17.842838602705754 1
8.96908602890168 7.247239528525958 -1
0.6025177886057942 15.719906573289835 1
4.800602140056059 6.498460852654557 -1
8.167297407964798 8.19879919168594 -1
11.413103206009303 13.843660987432653 -1
15.160422937837758 19.941124187190315 1
1.0328187476880557 10.44043437585855 1
12.949100816624565 15.819972905351698 -1
6.42083984025144 11.306115997592261 -1
17.80221794595481 16.713825731926466 1
18.6152532817971 7.134158733093445 1
19.55448258258603 2.4897689561003777 1
13.161619051367401 5.028554463928636 -1
2.1710906609028457 5.431192488049925 1
3.2338750363940005 9.899205517053339 -1
14.314679398094 9.660205606159817 -1
16.961451894084327 8.680724947157932 1
13.411512192132689 0.5398093806489679 1
19.149840180563597 4.969487932845298 1
16.07426764898776 1.0552335709889937 1
15.072008075284398 3.510484619960046 1
0.12613848397848404 0.9601529831113509 1
6.120890382895883 12.098834565570193 -1
18.926023347830828 2.0235898478507885 1
14.72079222165628 9.581567584336588 -1
18.880469016782353 4.557112462598367 1
4.286353314875669 14.789241367603744 1
5.7790103918727205 8.217775215713223 -1
4.25289203758235 3.759832295076515 1
15.903998105933487 13.108715317043075 -1
14.428971525147139 5.291357989185093 -1
8.154432634205715 17.728484265206607 1
7.919247177666917 11.802655711798408 -1
1.1740061850284178 18.39506798988646 1
2.162869265550209 11.978784548122462 1
8.478161391710728 5.284221758626155 -1
19.971995433695454 0.5473667728221754 1
8.492279830010398 3.4062693878721495 -1
10.603925760899255 18.344799965048203 1
4.924587087573147 13.510069039648984 -1
11.19718751301782 13.17714259781516 -1
10.589443644458573 4.166766344628261 -1
2.7062862381902764 6.298848258415104 1
4.604232069733653 14.757768713987192 1
16.939657573100437 17.853779125708662 1
18.344255926039725 0.619646952373254 1
8.429579180178493 16.77415360388283 -1
8.696851494113368 13.098306915516428 -1
8.658647601819837 0.24775229684661726 1
9.555498475226592 13.221549120468541 -1
13.651592236854334 10.437986376403154 -1
15.51643644041256 14.120915750174765 -1
18.19237433087099 18.96501237662025 1
16.129506981237583 16.629722412240774 1
5.104968873822071 17.143143957169936 1
7.812339500481585 1.7499338529610031 1
14.296846274051527 4.508984205652508 -1
6.084525644862159 15.286112601710801 -1
7.174972958122911 2.110277463944328 1
2.386015426887007 10.973002313168038 1
3.365683633125378 10.686653714655899 -1
7.0097617092186315 15.591318267540725 -1
14.888924847481888 1.8506297163335872 1
15.257093575771261 18.120724592329708 1
19.57969152246633 3.4637660095250045 1
12.374367261521797 16.12666571662502 -1
16.460563144224906 14.139352619119297 1
11.765329506016457 14.32984378158529 -1
18.645484508567513 9.442473180484107 1
19.92934124670572 13.285550766354358 1
1.2297297402738283 12.497979408928042 1
6.5523178937425115 9.061074487891103 -1
0.20411476218998414 12.948047829911676 1
6.448664153803496 15.859165260144854 -1
10.505660515373545 14.088374279472468 -1
2.6032578299792797 16.659545939675613 1
16.75430168149281 1.1374500913726249 1
7.162918704529478 12.057145980155806 -1
1.41914263936731 16.35390568786079 1
15.180000647301767 4.582420338824608 1
2.3524363506421575 12.929919441908943 1
11.36669715865552 0.2787047624165395 1
19.346236692341865 9.495710244303591 1
17.30528037139543 3.973031640720941 1
4.8672888552014415 14.4253184895782 -1
7.3726483494186805 8.739520092413212 -1
13.527936365483836 7.939528918280308 -1
17.912387671670622 7.075209099027897 1
6.702255424937524 12.380888353324407 -1
15.067487110997334 6.380085046509441 -1
15.810896239855932 13.684354456457118 -1
0.9226772473971634 1.640146257815449 1
4.472441625876931 19.347273465379327 1
4.393189217870466 13.608939779815035 -1
15.34724604481194 8.71892034651468 -1
13.188420394406055 10.833919323700316 -1
19.13253321245985 17.057388215807034 1
15.46825279541846 9.273536721839024 -1
12.923160070231276 16.621377934548377 1
0.11376041505224865 5.850882084763516 1
7.471858110251793 10.129073359359174 -1
4.856959121241628 18.114366115560173 1
11.426637311353494 8.086004021037322 -1
19.664421076276717 5.786407882178488 1
4.962547159931264 18.511351829713316 1
12.90736528179924 7.624590880013353 -1
14.382735321186502 3.8818250757232 1
2.4555000787577286 8.496609809056757 1
13.5461767479648 4.727929646101217 -1
9.305683392645172 15.131003556815685 -1
6.865373144939861 15.647699963174404 -1
19.055218380679186 6.923750026193963 1
16.03605256099008 8.049368399763743 -1
15.033272459034087 2.9980260001260883 1
18.60025027815967 5.64522555529223 1
2.7865328321851224 6.927619707536953 1
18.430666066499523 16.861322242523165 1
6.405612552792091 15.248931117728752 -1
19.533516792280473 9.187892745317862 1
3.544189939533009 19.207148394810822 1
17.951139013597132 4.976076981043098 1
3.4254541009676642 3.4579361053372715 1
15.86917319783903 10.824002152507983 -1
0.7067090278277188 9.47445461889356 1
12.07999536757168 9.71536162406095 -1
18.619176346473775 8.41264864520571 1
18.686234135147608 8.231705147208526 1
6.1530594124268445 11.575403124975534 -1
13.710674843830295 8.59688064962439 -1
3.8614862956779517 18.66377616854562 1
0.31956640405221615 19.87703593575376 1
7.335353559507675 2.7450423603823704 1
17.367854518174294 1.5856102590416654 1
6.682256319371271 8.326630378729782 -1
17.93677747827813 2.8230129649300606 1
18.91812648563431 12.032593462440314 1
16.58790986943239 17.725302854589604 1
8.720362632218514 1.2982812811406563 1
7.295232100339608 4.50896860991874 -1
6.13104798755235 6.422050847658181 -1
6.405908345726015 11.378672164548673 -1
16.50555839139647 16.752514129789905 1
8.78792305794791 13.213681399548436 -1
8.708680923846394 12.354821824686951 -1
16.754405259024917 9.554662956688754 -1
0.2744520853910748 15.200424455732865 1
8.868095827537406 18.314318395208804 1
18.659263519447986 18.000126864484812 1
1.5450267019869268 18.360057901631315 1
15.826410527391314 0.05356126795345473 1
1.3697492394939648 12.242435348444832 1
15.37884449953511 7.664947564029012 -1
6.8807237112855635 5.087660402735745 -1
3.328125458259268 14.038775591961896 1
18.89745189146848 17.987115331379965 1
0.06477989203027557 13.524770021424942 1
5.575919876378492 18.82187513543256 1
18.891952570338553 6.886914150268833 1
8.854234642778952 3.9213470625968316 -1
2.8952383682219196 1.367431555367109 1
12.842296487717038 2.359026129528703 1
18.403226145647913 10.747250055407667 1
4.849480600409737 8.758526791728658 -1
6.524319482454672 5.895100148390875 -1
5.1399321474534005 15.905264516075492 1
19.441560554261095 10.035135187805144 1
16.466939958740554 15.066125868207738 1
6.820268858833344 15.932062295302774 -1
16.95809573490126 19.99855903464998 1
15.138256884313567 8.518344049734964 -1
13.700694968063388 15.474185343715241 -1
6.770617204453188 12.49732855688565 -1
0.053073979993463194 8.020635317726255 1
13.43172244644219 10.895581920998946 -1
10.789675035029866 6.0706147517602105 -1
18.165504405457217 5.7638146247579485 1
13.009758458091936 6.2460641447841025 -1
15.918986064052095 6.221428974338203 1
1.7267224249634294 14.302730366195913 1
11.494948940740706 5.549942461415826 -1
17.385910168884525 11.847211466347856 1
14.483483290051531 18.568456742115018 1
12.084557936874043 6.219948685754455 -1
17.799824065650277 1.3710945305769817 1
19.452572647280782 17.1281148505868 1
0.4021355482931033 5.152642928239366 1
18.769995015780133 9.184824151379065 1
5.176646639220874 11.090880442018625 -1
2.7001346876170573 7.891620921536049 1
18.421675588573258 2.8665666398522305 1
11.830581922869117 12.304878853100057 -1
6.9783642850258865 17.090043582180602 1
17.291047642356453 3.4773807862670547 1
15.54619653037621 8.90896967772187 -1
6.5889625513969925 18.112550456795457 1
5.473442883767676 9.683817883316534 -1
5.552135493834635 18.944112079817415 1
9.71658690096321 6.353494912229998 -1
17.134786790910898 2.89841024221996 1
7.207729865414003 14.336965177948642 -1
15.297889449527782 0.8803401995954308 1
16.263130006972514 17.186070536636514 1
7.754692930893672 17.860851809576044 1
12.662758708017039 0.5365718244398465 1
17.836091868974304 2.9966083412584976 1
6.049287652155111 12.068052675968355 -1
12.761634868367882 18.02621359543277 1
13.1603274326127 11.772195279126151 -1
3.5208363474031423 15.019904632960085 1
9.932235148263038 9.98060908551324 -1
14.94721960079319 1.5780043955368317 1
5.065869822882549 10.16600436391708 -1
7.696830030350805 19.91682615801346 1
6.029072278505929 16.472189467206004 1
11.172321671597057 14.45644867351775 -1
9.222452931597424 10.5948215130832 -1
10.06763699209629 1.9769030120127717 1
9.855834423123824 15.55812289847676 -1
13.671897069166352 3.593110546477738 1
0.16878486294260586 2.6266836326297294 1
16.945485264259737 16.4803080228541 1
13.952171224442242 6.420469737530148 -1
0.24846387974203799 1.061746425212866 1
9.385276061584406 18.41737480602667 1
7.59602241813671 5.197278883248202 -1
10.518028734908855 1.329119500659488 1
18.927332650115545 16.170415756941633 1
12.246185854232273 6.236487578641967 -1
1.5457290592987016 4.174086364521596 1
16.012025342919355 4.787818230379002 1
4.827357030048063 10.268515911956367 -1
8.316589857509749 8.378460492483972 -1
14.05254062668697 0.46752583543461235 1
5.746149573400907 10.151382755368674 -1
9.41307598921057 5.62884893134261 -1
16.574789631520535 8.780450093149748 -1
2.652253589503195 7.603238329390543 1
15.092886920368333 3.9864152211892256 1
5.530915260931712 18.565289654410783 1
6.692131001330443 10.46117191231396 -1
3.926042895019999 18.094437411579605 1
5.431991602487882 11.781029117752773 -1
0.04956217122471518 4.3771555806189655 1
0.19757308258130823 3.4137616899128154 1
14.750640370599466 5.468531199439131 -1
6.037596100236362 2.7714165767569954 1
1.1210008248185277 16.29436794890645 1
11.845245145337204 16.563082243655273 -1
1.5011443272914593 19.00958731865954 1
12.777897541448082 5.655168393111943 -1
4.564098347115008 14.196117396578964 -1
4.90036689155096 9.410948699784 -1
14.695072604963006 18.806724193321966 1
17.99609883743792 6.031919745629731 1
11.201991313455313 3.199389473901557 -1
16.081082708644423 11.238245297686218 -1
8.007581009033169 13.047721321677532 -1
17.994284354290663 1.59541424149801 1
5.87248952646102 18.51438818223469 1
19.90850904702279 5.754613228033203 1
4.546114023114987 9.033893070747393 -1
12.317917909723498 17.33630807218094 1
18.885520258439502 13.150741556680586 1
7.271865760769782 5.096138476654691 -1
1.6312576334719031 14.41506916905767 1
15.310455339301312 3.444294357724884 1
14.99558287201263 8.694598080125056 -1
15.95591812890026 17.929504074350774 1
14.256305687501706 19.574496112337773 1
17.191481160854806 9.310623861654035 1
12.044190536535522 4.724501368619505 -1
6.267167202861714 7.1223217142067385 -1
4.636026352002327 4.951191176133031 1
11.685463050218472 12.997520111205944 -1
8.922709812785769 15.26632122307417 -1
6.631083678421912 11.022714705854337 -1
15.085329557875582 11.439838875243941 -1
17.289939975673626 2.3921574911041277 1
9.706016693400606 9.810859943674808 -1
0.2844138611754632 4.633488846783846 1
10.116445800268089 0.8333540279635887 1
19.87824718878198 17.13053328354593 1
12.01232806961437 7.960494321490941 -1
3.6664010992404195 12.912944878039648 -1
8.399771846005029 0.7358384745860969 1
1.796829993482898 18.16339959688442 1
18.752851173833953 8.017228303538584 1
11.361037142186108 6.385122912636714 -1
17.796324764913535 6.202270766214017 1
19.43594218392453 7.640681509472749 1
15.803697324025594 6.3727344842124705 -1
13.034861147528698 4.525437499691565 -1
3.059621019227323 15.115845762035905 1
18.637929305296023 2.1553766617360437 1
11.003465596976113 15.153690920372805 -1
12.28168287679927 14.489602733783645 -1
6.98617693407159 2.5422485575810017 1
8.570409977832309 9.34891563105446 -1
3.6689786849592854 6.509481368880545 1
12.338637536476892 17.84985947106214 1
16.87462074814802 4.236229894284218 1
16.723105434871 10.777849123885206 -1
2.173643215962784 8.993087230206434 1
8.28702002843208 3.151964274850252 1
4.47314529041682 1.5669753632181105 1
8.711149503870628 18.075669759267388 1
13.087262144074298 4.660303557836965 -1
12.805585873233147 1.1894409101011827 1
17.234841848406525 15.542357382058345 1
0.1327440529167867 6.327902892993038 1
3.4072890200438932 9.160976540319858 -1
16.070196452541932 16.097636464952874 1
15.44746604648017 17.53860327594184 1
14.511559266415016 3.7496210920165285 1
13.954717772141205 8.126074626667794 -1
10.135643059740168 7.5910564132295 -1
11.857947913476552 14.388092836549767 -1
19.366392444603974 2.0772405298425967 1
3.2248250251756305 9.42226735540969 -1
0.8065142183177199 17.98552492060583 1
5.173605713178084 8.692376252349877 -1
15.897232649596006 5.204166066550842 1
1.654748033663711 11.807969183790703 1
15.561606982222733 1.6362810964871621 1
13.605805567041937 9.659296689113733 -1
12.778396658028097 12.159694029929007 -1
16.672897612522554 6.379127101191234 1
0.24591166636640516 8.711491118233754 1
1.2357030860587348 11.463978180260224 1
2.898202894381161 13.689779140561917 1
1.2162726809831592 3.3506059703291458 1
18.709464807465885 4.679449002735117 1
19.364473625059947 14.703571335307302 1
13.52589588127913 1.9085627601101973 1
2.3085083789873417 6.640837292899919 1
5.217343788483495 8.450363383120507 -1
11.223190868932562 13.366280630896185 -1
17.209846984618277 15.178059883953356 1
10.299919676916717 3.7172397011955782 -1
7.218043336337963 12.075183476086353 -1
12.383629229423894 17.005726879068636 1
4.385475962669718 3.5569626585978265 1
10.236172409929353 10.504804591779653 -1
5.361337520696063 3.8998996265462216 1
14.78413450587224 6.9123799606557945 -1
6.480308096787059 11.80529019129742 -1
2.9385000230122538 9.743484249397413 1
19.010636425386956 6.57165667735965 1
13.990726814385923 4.215854503687295 1
6.471542469904776 7.014039560606262 -1
18.35835226866781 8.532209792495411 1
1.6497382601736188 4.58519632894554 1
19.498388107697725 9.36525191975285 1
3.9015115987412075 16.93766024596522 1
13.349926935761985 4.495951625736312 -1
1.7461094121302767 15.886880983174255 1
6.170689721432239 17.013719409240885 1
0.7508708671999731 6.664902764051497 1
13.442096971104117 19.05355967571102 1
8.170728090386651 12.201325113853656 -1
3.3604423933725225 14.487523396632769 1
6.508898125028219 19.958538605322577 1
15.969256977902297 16.928872483925776 1
6.622422509445636 15.73102911459536 -1
15.196048409776239 5.867269942629301 -1
12.783623898005516 11.478466120186322 -1
16.87641824540264 5.208273899903826 1
1.1279912086126953 15.633951360385572 1
11.36449589111095 0.2844918915981176 1
15.402386711881146 8.340108731896901 -1
11.040548582883439 10.066812120740822 -1
12.027480202349224 12.391737054068546 -1
0.04998898290896614 3.5990607025909105 1
19.97108208741437 13.29338099676136 1
4.123234167608098 14.16961690452852 1
16.65198338959272 1.9201891203029309 1
17.07377069150819 19.05330466901123 1
3.8451174502679986 17.628572775402183 1
18.04786334810245 7.967565744523348 1
16.658541815106535 2.0146981835423827 1
14.468093097457928 5.23124442421196 -1
12.495553703616142 1.1334300805889175 1
0.8141364695793163 6.918423940406067 1
14.827408896042641 13.507651322453855 -1
3.774466153597078 1.2151759616685665 1
2.849803327652718 3.3858235188052 1
3.4040011566485218 14.908734106516473 1
9.580968806958536 12.25986219171121 -1
8.591864448045708 19.741215563186213 1
11.760727659445529 13.066208044278465 -1
11.034629519264428 11.756296587722266 -1
8.847569863160086 3.1399529608571863 -1
19.234673230634904 14.985357619574575 1
7.646410494122467 17.25196824624777 1
5.109807749317811 0.7674014015085628 1
10.254431186731264 2.891717033662111 1
1.1156755405369512 17.721043000394197 1
5.155320845002491 19.02631787774453 1
13.200925783513068 1.5861707586293372 1
10.586091150589276 4.321150297831357 -1
10.367757036299212 2.0995779970058703 1
7.877357073219137 9.647924216133097 -1
17.826414368124077 15.683795514821925 1
6.2833858759387295 2.9238643345070114 1
16.168747300551296 10.110885707465535 -1
14.47126061594272 16.719387344436328 1
16.17740113404112 5.132688102943903 1
11.178351950100307 12.268957161407048 -1
10.116177326680663 1.2794334662756124 1
17.464059514407705 9.491180621278117 1
13.534085456200451 2.726742679353873 1
16.091736578455244 3.5797742470228666 1
7.412319514968926 7.329349572489896 -1
15.520141531190221 5.279014813724463 1
7.087569787579364 16.12488162609923 -1
13.473793606145774 0.22079545188412375 1
4.7434640383211395 16.492833289143018 1
4.720187978467322 17.787671423705852 1
9.108597834827645 5.902018613828788 -1
9.221527378415615 15.613266602843964 -1
12.302272323147436 7.505494515442255 -1
3.481995669697302 4.300870827425845 1
1.8969834443663336 13.407239952543632 1
7.946663854685236 5.721421654808778 -1
16.077900796082933 6.894116197387541 -1
15.373236437802348 4.2320881612339445 1
12.451236409561142 10.678345162285424 -1
12.514388203960724 19.491168442359218 1
14.593711919009271 3.6755136673329725 1
10.088081285812775 17.207445518664176 1
5.275925776580932 18.972844615846345 1
12.149875268377535 5.797294268970119 -1
15.90080046349405 3.5366689924008465 1
4.19334070100258 6.076608302499478 1
7.171318008053067 3.790931117497769 -1
16.50591681941637 19.06341895482862 1
5.939547751798504 7.920678272899407 -1
19.024817852828452 12.726518888314617 1
6.418584465229424 13.372763843636836 -1
9.060671536658925 13.806613148456519 -1
1.8158002587886557 13.254591235864927 1
1.129015802072213 10.069061138267346 1
7.6889906724243655 19.01267241204777 1
2.052197028519833 19.774530856827642 1
2.7695187074729777 18.966041541832443 1
1.4988685713289018 8.809242957153725 1
18.186761465140286 4.576482961189261 1
14.532273010095995 11.908546247243972 -1
19.65859821684894 2.7006009779733176 1
0.8714115966821745 17.919733885507743 1
11.773693189913264 17.65232754655752 1
4.938406937078918 8.565628470246052 -1
18.82832270299848 11.21123511826314 1
2.4221644916983287 8.163183183357923 1
6.083301949932514 13.394625701206431 -1
5.910396290981805 13.580954499393982 -1
11.407476600579358 8.13250542481455 -1
11.592304814455192 8.023068923030745 -1
7.958295147670573 18.452663929463494 1
15.599974698514425 17.60395773787796 1
8.003985692835178 17.64456619074146 1
13.876452276172406 1.568200600051386 1
10.37892144914837 15.803936825426385 -1
7.640504414445726 7.842785099115499 -1
1.0808928197411571 16.748313394865168 1
19.541515603611227 7.928832387821998 1
11.802821165168476 10.40658969183786 -1
2.930682371367679 7.63434285986782 1
9.822209846196927 13.374634960160087 -1
13.0500603184807 1.481136769167739 1
15.434447245311013 19.28642689558272 1
8.002516077991348 11.952510544571897 -1
13.010905361684921 8.420085253780067 -1
10.879425787405378 2.397568206108185 1
17.483698119547256 8.177766503150089 1
18.639265839708102 6.734877333133607 1
7.213437087566135 12.607171225933246 -1
15.324443608741316 1.72309781460807 1
4.764202874806449 13.804361087600384 -1
5.9743418369911705 15.589865079341351 -1
12.09053527880075 9.411855037202795 -1
13.415445886675979 5.261345462067317 -1
10.54651167544749 4.370531019561392 -1
11.551515290613255 3.9566084608183405 -1
4.551630205253094 10.389280148671347 -1
5.633852408943339 10.291799734303561 -1
7.503741890564046 12.405621962838335 -1
14.699842675241168 6.5162477195885415 -1
16.042123054808215 9.287667763004633 -1
15.224742529090161 7.097042553056923 -1
6.974217230448865 9.306013172652516 -1
15.612181375071447 9.972935065590647 -1
4.254490814955812 6.417158018355451 -1
6.8266629483875025 9.65062938825196 -1
11.48244152326296 11.294715173282132 -1
10.917172077345258 11.205446490629946 -1
8.31800229779584 5.775491921698654 -1
6.9666851955884335 7.198029216756375 -1
9.335578119143953 14.180847173829097 -1
6.385004847032043 13.026066025925136 -1
4.88959099272674 10.009364726309858 -1
6.714037727330286 7.333442699091604 -1
13.019679992888914 4.50905226561233 -1
11.174462520072723 13.034873474372464 -1
5.2191310324167794 13.535567837018377 -1
10.637490478838703 11.552947743923143 -1
8.040250232754492 5.683461261772285 -1
11.984136257460644 11.019746710204641 -1
12.071217280853894 8.767436694867285 -1
15.195885944634073 12.550618185530274 -1
12.649911039338853 15.61303796551032 -1
12.7935117364095 5.608781945651318 -1
9.706014089477124 12.826219112529632 -1
8.622494762513412 4.874545442569356 -1
10.683604139649141 13.774608506383142 -1
7.357110771293696 7.95007072326761 -1
10.143971315482606 4.946668741287148 -1
16.224706649982032 8.20406812105732 -1
9.438532129466532 4.114718815214989 -1
9.481611969961465 7.846079487236239 -1
11.75813940285341 9.840717980863388 -1
11.096100311316622 9.37582145391448 -1
11.560825676221393 5.295940205575269 -1
6.910819949415097 13.40040581929999 -1
5.793464038290148 12.404232829525146 -1
13.951084815031699 8.032642965363127 -1
7.5991493307608815 9.39736660193368 -1
12.64767561141355 12.245614076922845 -1
7.238293586417857 7.710953814718429 -1
8.533972673944605 10.08808760142468 -1
11.445047948136576 6.427345971852487 -1
7.125702206326599 6.303492834797197 -1
7.640760457284507 5.942451825103974 -1
7.308541512826061 5.1753320345103715 -1
12.477346262844364 15.148924160529232 -1
15.865945255214376 9.116150638244179 -1
10.825006892283099 16.326116133457692 -1
10.921134786596816 3.666754054718866 -1
8.291659732974777 15.793890903614848 -1
5.682433592348586 11.34880558127298 -1
8.58473256409835 14.023270466502865 -1
13.600312275571536 8.034023521942025 -1
10.636114803947986 8.575748148702795 -1
8.737747313552903 8.36341581965299 -1
12.526828828456395 6.692113367539811 -1
7.563658401019437 6.562362625716894 -1
4.3734377362208114 10.361290633857019 -1
15.008718733259126 10.676879084423883 -1
10.217448454653189 6.67160911175775 -1
14.124039331572288 7.89408836790312 -1
12.617880724074059 9.059844442360529 -1
10.20979439111269 15.289258233024794 -1
13.0515310412152 4.063011691753113 -1
11.868757686085454 13.524862300579457 -1
15.480683485374636 13.720075297817761 -1
10.56547304378583 15.204555642495837 -1
8.244654519516313 3.8103628046670623 -1
5.9155211636584415 7.056023396731321 -1
10.866719283448784 10.507869451110041 -1
7.871236469766116 15.010483027918227 -1
9.966088905569547 16.401682483023606 -1
12.095543199464649 13.597563368049482 -1
11.162892591948246 12.28374584712746 -1
8.479032478618024 4.553445855506915 -1
10.529292787937818 13.773014624311982 -1
7.338065154658569 13.473673892568616 -1
13.313237432872192 12.225198654226437 -1
12.106539703365911 12.922004957628255 -1
5.330829631160812 5.653988907898562 -1
9.13394630240118 14.809274656103748 -1
11.367569484312341 15.943968146797655 -1
13.980444226918582 10.837454926828244 -1
9.30000768940878 12.400373755411776 -1
3.646229982348408 10.454136138464287 -1
14.99845637919554 12.238347343801482 -1
6.870100139196921 8.161922428165607 -1
4.073484014097925 11.777271029818444 -1
11.868674400013862 16.6156221127114 -1
10.349670467143293 10.474911869037397 -1
3.0968559483116165 9.224090241968641 -1
12.67121659251648 15.160082891369246 -1
15.227228233753866 9.111075742730515 -1
8.88241344055902 5.623469173454037 -1
14.143779329657303 14.723379221170923 -1
12.302896998810697 11.789297880527041 -1
9.041403878981757 3.1101284209728774 -1
10.020185416751664 5.506414527360246 -1
4.098829263665613 13.426148875851965 -1
12.048035299317899 9.35297658919598 -1
11.930194883999102 14.488785934820662 -1
12.339987894026299 10.427955460335717 -1
13.092509948388408 4.528729024941891 -1
10.129471652364446 11.118177559975507 -1
3.608231529328092 11.242235844947515 -1
11.125663327475827 4.892413845930572 -1
14.330199627128902 6.796316854459121 -1
4.561114524071195 7.36124995779921 -1
4.989808702125568 5.581189273281446 -1
3.965868019210299 9.535563622243098 -1
7.7198444458208755 13.11214355289221 -1
11.59817480795911 5.828589420841155 -1
10.613419065010838 12.215030763606887 -1
6.239334560162256 9.87645658869007 -1
14.527456146216078 15.320595328063892 -1
13.239351350368558 15.28040083402309 -1
13.261870303386559 16.165899656571334 -1
4.6325802503284 8.00538345852983 -1
5.781928611045915 12.06837654147031 -1
5.424224291249196 12.4900731424686 -1
8.947990904563216 15.32229636768025 -1
10.569509936561602 12.423403061342338 -1
11.804941311533497 13.622511434259563 -1
4.885475907355062 13.903622245462753 -1
16.01002875469781 12.702780779549194 -1
12.834852211246394 9.73068238184386 -1
8.026057037551714 4.049237784217898 -1
4.86125827916714 10.149985595866745 -1
9.651401214137303 13.381818065928785 -1
10.438055419901682 15.433377300931305 -1
11.702370014971283 7.432559957409546 -1
15.20938305523792 9.951207269020648 -1
8.287289095913852 7.7065849930613 -1
8.52529429540325 13.289663033694145 -1
14.806824248873745 6.885095980359206 -1
7.497327781370027 6.477981757744291 -1
13.412927578752106 11.826951752894473 -1
6.670669505262763 15.719698762032268 -1
5.265317796384583 7.182686500526438 -1
16.31447162395491 10.190860124518943 -1
11.442849512230474 8.749334972179884 -1
10.528843803412451 14.140215947305425 -1
14.08160963170272 11.42014629370015 -1
12.516289124240474 10.06090087321127 -1
7.022261332182569 15.465878624953868 -1
11.344199872832057 5.209556722730406 -1
14.204589617041366 4.764696808996096 -1
11.054983417886824 13.811676994977812 -1
6.037176024014332 10.479222801587929 -1
11.589259914422298 10.414743948776161 -1
11.272523778510557 16.73747256664219 -1
10.475057269625978 16.53224508604117 -1
12.594031861521444 15.084204769195237 -1
7.656485792881298 7.407746214320339 -1
13.781336657364715 12.991317934344371 -1
10.541378543197574 16.954100491205235 -1
12.271022825670162 6.823537530093297 -1
15.924404172674638 12.300856130000632 -1
8.85929657265606 6.535218726326706 -1
7.895322774991282 16.450087405089743 -1
6.676442773733864 14.22955397728721 -1
13.325185509320736 14.482246490041405 -1
9.242640216032484 12.886108079595894 -1
12.898330178733275 10.165046298767342 -1
12.773845005967095 11.403491330328727 -1
14.54457524989653 11.586416324948 -1
5.3505009359043365 15.223154924159626 -1
12.922603758343774 13.519068864608458 -1
15.547436710567723 12.98987094010153 -1
15.65192914040342 13.342766728690016 -1
12.128455378317419 3.6508129318105875 -1
11.176026477567513 10.471765548538482 -1
7.59265854836515 3.7073011837663072 -1
3.8695819157824007 12.118576107860317 -1
8.917161761031014 5.768087720271753 -1
14.694428634443748 10.554038380057392 -1
15.25024922349598 12.745625122789292 -1
14.80494326317185 6.5102250319296795 -1
8.575478796249573 4.740028184684119 -1
8.828597643401228 5.381062990594028 -1
15.278136396804632 9.852781836794799 -1
7.899146095748597 6.7503181323552415 -1
8.707847896377617 9.448270625238402 -1
12.873415753289342 5.730487816545489 -1
5.512226214595676 8.515974331427365 -1
14.17562127070987 4.570769552995666 -1
13.534323911957383 4.74159176080658 -1
9.778024130057277 9.63856840577021 -1
12.321691449449894 14.654381104871 -1
7.084377617252162 15.908390548148946 -1
13.848694121114933 9.964815046542167 -1
13.637925251926548 9.026057610534492 -1
10.430269463479203 8.672405059581402 -1
11.699662014392132 5.494034648560024 -1
8.235897039997777 14.276639430448451 -1
4.6904753612913535 12.476474711801135 -1
13.03735924893665 11.00293794942107 -1
10.550883475211148 16.95315454228483 -1
12.63962323003623 10.208981259332266 -1
7.739614259756353 6.994166952088781 -1
7.895326177987332 6.147684252635641 -1
7.200805622377546 9.847767848881464 -1
8.693173817686521 6.258718008436688 -1
7.200264894235668 10.617623801560892 -1
8.758692290929178 10.341951575499891 -1
14.303313656995424 9.982015301800885 -1
12.642587953865194 4.431121360183092 -1
5.951311621009685 10.192498369059905 -1
6.842195492676266 12.397110194844077 -1
11.662609102383605 4.958167231692279 -1
5.588722242081612 12.543410783439457 -1
7.929771041471135 12.505551000846602 -1
5.570594486077576 12.201668437407246 -1
9.064385705046911 14.699886272076427 -1
9.738507860349102 16.164413988811997 -1
8.485489003406542 4.2132733740052375 -1
11.243822155335694 15.164487465178052 -1
14.142134385880784 7.134347615086483 -1
15.222469942840329 10.45750384409559 -1
3.197182800787244 9.655770911455726 -1
7.395905444228992 13.559006499201523 -1
11.080905505692392 14.208666086431936 -1
9.751337813777411 8.228608910737991 -1
11.75886778640849 6.935964863951442 -1
5.1066533321149326 12.042906093994363 -1
7.95636378038739 11.510930374810277 -1
15.294898545436883 11.783759180532368 -1
10.69099795242054 9.926425088030639 -1
11.309549585533254 3.5756882819614333 -1
12.808439820141729 12.196068763781042 -1
10.915882116100303 13.713923117864532 -1
7.915264079239828 3.5188522442675785 -1
4.277659364009853 6.645700073009733 -1
4.343583958511457 13.371716496143499 -1
6.26456559498936 7.0695692205078275 -1
12.775418027667307 13.67378496663828 -1
6.636733850855188 10.003702189656895 -1
7.9981222588262195 9.609710881002801 -1
6.689719090822157 10.265537122396468 -1
8.09352959558533 5.07606611368443 -1
7.472082721738385 9.806597757045894 -1
10.599844847094976 4.94326899178321 -1
13.601828255023653 10.552665114200149 -1
13.968477140321031 13.67992124798583 -1
11.99952240876042 16.266931361572908 -1
4.939138915026144 11.924359008465759 -1
5.760113464658179 4.868178150895604 -1
4.35884431636095 7.272571271640416 -1
8.986031912707864 11.791731847133551 -1
8.442429850999236 7.865178815018085 -1
13.625378101068879 5.1591145482116785 -1
10.628005863906289 6.338240436908622 -1
10.413061757899793 13.595876434410908 -1
9.490044010596526 8.534344343102449 -1
6.827363270016558 8.198104747654222 -1
7.8753740753020685 6.951194156950596 -1
5.801261064992467 4.518299719060761 -1
6.632675535417258 8.351618181119147 -1
11.12399058835267 5.24744662049752 -1
14.376482306810036 7.745793555033491 -1
14.308929063526152 14.338701645757297 -1
15.297430433543244 13.965925810614463 -1
14.185061214026401 6.500196058861889 -1
7.869881059558228 4.843138293348732 -1
5.614137885705124 14.195118213886992 -1
11.826581712168638 16.689303765424487 -1
12.630478871982406 12.044955408085187 -1
14.509139214012432 9.088132277600307 -1
4.093713609165183 12.146210274711585 -1
13.966100891673129 11.77630969427173 -1
5.403168195954988 12.005360175103881 -1
11.841539806363166 7.178139067738718 -1
13.938835144777785 15.430820687802418 -1
16.186343727182635 8.468549900495585 -1
13.7774226598968 12.28130780254748 -1
3.1492134991841736 8.738589343884065 -1
5.636501556845497 11.89216418089119 -1
13.91401103862396 8.350423866620496 -1
5.6578779101139265 9.805749563844437 -1
11.209559941783985 14.524135028443574 -1
10.181633954699105 12.605781486593962 -1
7.748167147612652 8.558025597775696 -1
10.24513163675181 13.258165504237603 -1
3.4762549613034732 8.634635393891427 -1
13.309820094782868 4.534110270207443 -1
16.037387633551134 10.700862048546554 -1
4.446913555780818 11.334354498418634 -1
7.744719574939527 4.301207799811362 -1
5.606888757019823 14.552796017488829 -1
10.904417915535841 14.37679785316786 -1
5.6321620991959325 11.882562082848683 -1
12.215797198878766 8.943711818473243 -1
12.946632289250342 13.744122110749986 -1
4.415444176383891 12.27944634945963 -1
10.408125343777161 15.999812632671839 -1
11.442561003399948 7.087063593705816 -1
14.97987447930024 9.453147588603649 -1
10.697680838388326 11.172812591540062 -1
9.34121673003925 3.8550830421203375 -1
8.859684236602412 12.672190761444407 -1
10.199081018047671 10.847538757096233 -1
12.009888820866534 13.17726658903258 -1
6.307376430906004 14.046976767622608 -1
5.126774146656256 11.6686729379946 -1
3.98968864427663 9.336080994527965 -1
12.564868370524003 4.1567760082520095 -1
13.236457233347771 15.0334838361801 -1
13.408815886684573 9.972242020071846 -1
7.893220765972102 5.541054106860999 -1
10.776806007530293 12.784269893897475 -1
10.205433945550496 7.947918475603979 -1
