8.493018405729998 0.1186275023364991 1
10.762324894704525 4.995534431533326 -1
3.0384239548650105 4.237149206190036 1
16.290937982962685 14.9907525630946 1
8.897426303433747 12.462762352466681 -1
17.214392063225972 5.559167361412134 1
2.2671886673716646 2.552051382989269 1
0.15499419877601062 8.088718124502144 1
19.304437275987482 6.217083262451926 1
13.44935921570972 1.477715517403122 1
3.191809813965616 18.61800708014713 1
5.268101509537939 14.291023451467638 -1
12.458637346668942 1.5999553115337406 1
0.5492587292218665 7.2537887872926055 1
7.1144207654286 18.351056403878935 1
15.937264018713247 19.1788660577896 1
19.54392872534761 4.0663452272141765 1
3.7083724391968587 3.9246236587281302 1
11.5822285769305 0.5222909777397877 1
14.635701802557172 12.331195895805324 -1
13.537899379238201 6.0966320578995425 -1
18.899999535805982 4.745259521475223 1
9.834860703169442 11.044387441317756 -1
1.0779482657205919 3.8043224639961193 1
17.4656385897044 12.53510949158833 1
6.582456022990442 8.587957803312928 -1
6.703148157446385 14.902305151247702 -1
13.861175177857742 9.278169160089346 -1
15.630974344413396 1.8899435080041416 1
0.9913501579832196 9.590343234900784 1
19.943323005721545 9.082987841345577 1
3.738176319587516 11.015955805176693 -1
12.071071335039044 2.401361854182573 1
0.7040703317830377 6.084409117929006 1
0.3614981563908226 9.529909210194683 1
18.120580675256363 0.28674311609591774 1
2.6011637781900587 19.679526171273352 1
10.98340342683015 5.5593020055663995 -1
13.018987145981086 6.065762722501193 -1
6.7699546559713975 17.678447171104352 1
0.9007204163310001 4.05245324254518 1
7.967658596711022 7.690844446200147 -1
2.9959422965128857 12.362453295529756 1
17.93790934066983 1.6411516707894092 1
11.401955377974629 3.3926303760332877 -1
14.732119709978285 15.705542041769746 1
14.912503646409611 13.650453838566545 -1
16.234063106933814 8.20879815348339 -1
1.311204947936746 17.777945485103043 1
9.44539508158723 5.647295886178432 -1
3.9905166937095604 12.682200536046174 -1
3.451143738121061 2.5408391878118586 1
9.406720828061207 10.61828915558734 -1
3.2853515211275153 14.878248054941437 1
6.944411141460867 14.104242775455234 -1
6.262476547365814 2.1263674760552975 1
15.716923464571224 18.94844645125738 1
19.907827731074114 14.4882216244263 1
19.474713706259166 8.702731290231188 1
8.307421674404093 3.6475113869943243 -1
13.315344059161202 7.436776448757529 -1
3.567418688087145 11.34636764573688 -1
6.436144134926963 11.684718379574727 -1
16.047845139332388 12.276446781931732 -1
14.908312081729518 5.641317388616523 -1
1.436926445007627 3.8383714265505064 1
14.294795816631398 17.52573867126793 1
12.587328337112158 0.7718604524918593 1
9.798801932696684 18.933537923430997 1
2.960271156202794 7.995901781432268 1
1.1077769273162397 11.763903951579383 1
5.53269230099005 2.9064607689167588 1
17.049890555056407 5.112544571569324 1
6.50268999466872 4.148195873792844 -1
7.119522674755736 15.8056125520679 -1
5.403340141953987 13.919999129941624 -1
11.89997238160782 1.8744935596622825 1
10.476499389183552 12.090016734914252 -1
0.8291536565408286 17.22329569494174 1
13.891752927244799 11.550082950399098 -1
18.695311841655684 14.620029587714555 1
11.23274030227347 5.3706196769488335 -1
10.029145666792239 5.953760786248575 -1
15.090710949930488 13.792339947286285 -1
16.067355267661206 14.211914675753889 1
14.0465142729299 13.77652931378754 -1
5.478944205315517 9.443033275572802 -1
8.610545336062357 15.67108867561797 -1
3.9085977308211928 1.4478314348554955 1
1.1490395609090287 1.7438018957219281 1
7.716408229577452 19.9136694596142 1
10.23720296170016 9.839628412241492 -1
14.480577165561854 16.313892763278297 1
18.598593220483917 3.3626190883800122 1
16.169937946544866 8.872813375605453 -1
3.722705585008441 0.6855809566561821 1
15.65336711431733 12.631529366243539 -1
2.920228732608001 15.27505384492926 1
13.995879773636766 13.415809384859628 -1
18.314441162603927 0.8958479462294044 1
11.502212578065672 11.706165592362886 -1
2.4676509687315895 15.546203670759361 1
1.0318469173405798 3.2524654128582275 1
8.175370401994428 8.739360189700093 -1
5.6239578258901 6.95762323298188 -1
8.810779262614712 9.887024156327023 -1
4.2102697768582615 14.8160534838586 1
3.110410675665165 0.431526259700461 1
9.004060206462611 3.0024895732165446 1
15.637943456906475 18.58048348239716 1
8.020333876234657 9.092397596199437 -1
8.027549470883129 4.491589656554309 -1
4.571008434286479 17.106766326378246 1
12.213792483072545 13.391843364663208 -1
16.01171804831836 5.7979040312009715 1
16.859057618053253 0.8131097622759631 1
18.501163025933828 6.906180438390144 1
18.326351874842803 10.630288339098078 1
16.495662873532268 8.236298639247062 -1
1.646836348734455 1.7267330470763498 1
16.063024693300882 9.70223823101131 -1
12.604689274277378 9.0972089835756 -1
6.376137053123545 11.277842832199678 -1
8.235301702897694 14.204160439561415 -1
8.006093536712068 16.31537667378579 -1
6.0402775590302955 17.705728560046722 1
15.811545563987979 3.6643729171817196 1
17.0257019760424 6.440222208724345 1
15.440555787636825 6.68739866044983 -1
7.16533364264389 5.93011532291595 -1
9.054761295000482 1.1925403801450196 1
16.359895753255948 14.486226006095626 1
9.983853077524243 11.220788786815808 -1
18.646183343071918 1.9876476073573346 1
6.79934894976409 1.4719141973706962 1
19.130707420414975 13.943115216919601 1
10.963820562905621 4.838909706065346 -1
8.163942536692485 0.014334623520797507 1
6.530878788812147 9.138965820731144 -1
10.036124243383767 6.88523193457941 -1
1.8541010181004292 12.095097610475584 1
9.862898165746097 9.931021065018568 -1
9.168145625526607 13.335168263913797 -1
11.47669305355554 17.884402821599863 1
13.024191102394003 3.580085172556564 1
14.690097525077839 19.984788766135118 1
2.0291236424470327 12.130887799696202 1
4.741782075502925 13.275433915162838 -1
7.470525620335553 16.53748308216418 1
8.000187369923923 4.568536505267488 -1
1.3957562388052014 18.63242949500012 1
2.301683587782879 4.165653564645382 1
19.404491391391684 7.442367708952082 1
19.818709728470328 12.271682185068755 1
7.1869500620555815 0.2559276768803942 1
0.9052576767200082 18.54178568407036 1
19.065284884533014 2.6268724833188073 1
8.159790494548293 1.8351914844979933 1
16.716507831061985 12.016270935113319 1
8.79989202584711 19.12209355014657 1
3.224545059621553 1.8898513886894652 1
14.065148956299996 3.3246384728077993 1
16.090088273262865 3.431986251569492 1
5.351174682966359 3.5343655993062306 1
6.45571958558973 3.2204660206629065 1
17.143159967740427 18.509734060878998 1
4.481135180156775 10.514483853264935 -1
4.984797496028102 15.904359090122739 1
8.70889804603694 4.076307057642414 -1
15.207080032590007 13.58645993961883 -1
4.187829548417483 14.202518148601097 1
15.755783496512459 1.8031333805684913 1
19.323663857432855 7.296189010365104 1
0.30815959348528876 5.683623425826704 1
1.2304594441661143 1.2399897669775006 1
15.391005405321444 11.2219917470434 -1
5.571438995110842 7.066581295317262 -1
1.1980028557640399 6.410847280065559 1
2.071691196157046 3.073647124729595 1
9.84768075109086 0.47646453775124 1
19.868989774445016 5.519063895829495 1
0.6455960531760319 12.07309309354329 1
4.319117385034863 9.531325976489242 -1
6.1228394948068665 14.9192448713651 -1
2.1946177946900547 14.86656530150628 1
8.340904528214125 17.537684564044255 1
11.841742211402511 10.076772397512208 -1
2.1561838303886915 19.0269729782468 1
11.438082848905202 15.101823485358112 -1
15.756902096253462 4.748632370836152 1
11.62456794626335 5.19244687564107 -1
16.000068526624307 1.6259135189422835 1
11.598959568811132 6.992541899211824 -1
0.9600191608862274 1.064864322866248 1
3.4565042767634635 1.6623881327576373 1
16.571481332796687 10.072920008732375 -1
7.883752165887339 8.137739082026144 -1
4.097379744566254 18.65476412249903 1
16.824209311993044 12.95870291046134 1
10.538725590682699 0.5412645269156946 1
9.053704545478464 14.729766111423391 -1
11.663601301473372 13.246837638572167 -1
1.9307768991922125 12.013634321387617 1
9.037462323360737 0.8964199834432929 1
0.09540227593356043 19.31970845034722 1
17.005382594520032 5.838049153458293 1
16.57547500074152 12.436425730541 1
10.399105233414943 15.834437309231987 -1
5.473650990590335 5.989320658790849 -1
19.00481930965142 15.043022323867563 1
10.69030634444006 5.295669636292888 -1
19.562572007156405 7.259022145392306 1
11.375642117992058 1.0028164542254503 1
8.37375874814745 8.717740617723983 -1
19.00888885615281 3.197928629536584 1
7.5881100439860845 18.26512737069439 1
10.15314784686894 13.010247174556898 -1
17.161851914615607 15.490563119962959 1
2.8332122622296985 11.883960463863449 1
2.0332762440477503 17.485326729470117 1
17.69489211459762 10.544327305706423 1
16.248674455631765 14.41694771973022 1
3.4807563484922244 17.6433005446436 1
11.294182572842521 19.075461723967027 1
0.9004642833067855 9.4031328181253 1
7.915321338029515 9.233631006500527 -1
17.60449272092737 5.708856678400309 1
15.31006352259369 13.40738130686525 -1
8.381844891313166 15.1759517276112 -1
17.847459144231507 13.790310197558517 1
6.9892002010899805 1.006223255295906 1
16.918904334174506 0.18570550603247415 1
5.233853258082199 9.494722554374269 -1
14.2544325413746 4.057476227219077 1
12.932680265804002 16.65193585170012 1
8.911205081325313 14.71425659601415 -1
11.669374535383046 12.554404221436439 -1
9.530217174414215 0.10772661138436668 1
17.103550005827042 12.941349089616912 1
4.05700779878964 19.17242824764815 1
2.3552508522428406 2.919979430813946 1
2.5610065182500907 16.373112895535154 1
15.053508598193869 6.328484185248946 -1
14.241462177070181 19.252611515416937 1
0.9524599618268814 12.91552497832675 1
8.278237534756006 8.084421533993345 -1
7.6683609174110146 11.148203336042693 -1
14.717453465224985 16.649064937337563 1
2.410176745018293 14.567749080629257 1
3.59242677157275 12.101481023940298 -1
11.201676570605974 8.639114792616123 -1
8.945933602780878 7.231157603298657 -1
2.4984791612258173 0.999450964370272 1
11.056307471954806 9.385637591384594 -1
11.43474115125985 13.986938834782727 -1
17.85054149462548 8.175044822453208 1
7.915466204812976 11.04478748036862 -1
5.6068047904705605 11.934634363413128 -1
13.891398231265805 14.69763287737849 -1
0.48970052748599 5.239555838715009 1
1.734118676130736 2.413406418507764 1
0.7090779450471008 7.255991883035488 1
6.706555268999848 7.240661135148518 -1
5.434483586816315 19.68518237202066 1
0.7368932521068094 7.59568423828175 1
1.448432976859777 17.438254245793093 1
7.404969048470349 13.23858033895215 -1
10.589950724915854 9.300198643991049 -1
0.6111843782657123 4.493197107387199 1
18.086632296381026 5.980388122946383 1
19.04533275534085 16.26690920883942 1
17.866151750703338 5.095122398775658 1
7.215632700950034 0.7745186262192538 1
3.280712734475577 16.601417153488793 1
3.8481911068673047 15.96233183927617 1
14.3588662111307 9.214378300668933 -1
19.411925594622485 10.508729902313501 1
7.733068991053839 17.743045080966784 1
8.586537029280164 10.45317763891321 -1
18.04584300640213 4.9148141344033025 1
1.1041893882287601 14.408556929454917 1
11.684596044857427 14.745432273268824 -1
11.319025191510093 8.709423397772824 -1
7.194422269169889 4.165085570990681 -1
4.118336018947549 12.192633186542531 -1
2.639655741013849 12.193178262405365 1
1.6114417109728407 19.919953751984146 1
6.1745643624537845 14.264088932185972 -1
8.013944120988562 3.5746741566416818 -1
16.370728590608714 0.8553158057045884 1
1.5081987394244 3.7931791779798263 1
9.498780079423758 16.651096480027274 -1
11.889026477609745 18.698415510347562 1
2.525950761439544 14.90697805889049 1
4.404024213693001 9.552245507394915 -1
6.30945048226637 4.317192759529894 -1
6.86217048408674 5.698493128790451 -1
13.189121067231348 14.208874862306104 -1
8.658113154919082 9.985136436868181 -1
13.82725891934953 5.768175496688242 -1
18.104773729484535 5.047945097714708 1
2.94721043843168 14.392571045035172 1
14.108432448925265 11.75869872200041 -1
0.484671287827656 13.590080564187545 1
3.502206038625142 12.3416204771884 -1
13.923584921273328 4.118231818995232 1
5.600346340891427 18.940872594755945 1
6.83692088028085 9.729616153973037 -1
4.002187964496828 9.729887464583246 -1
16.783173656390183 11.501915262013888 -1
11.786953060602885 11.164151913365428 -1
10.269902220509968 10.460032965737081 -1
14.757961899922432 11.515939691270027 -1
13.847476924667895 14.03132307695161 -1
18.891126469954727 2.067453841618585 1
12.57937211308427 2.003562220421262 1
16.201446282490693 3.239029298055014 1
17.63954543228325 13.74501521493169 1
14.39520627856546 17.15327879320302 1
18.519404474388978 7.04287771362808 1
10.655264093325522 13.375546904239952 -1
9.835882658475219 0.22702058073251763 1
15.185697155956845 15.799813641982059 1
16.870602059072624 12.76670961598601 1
8.677037138907128 10.928445818036494 -1
6.115607143181238 13.284543923304135 -1
3.2916152095617757 18.64555421659049 1
17.96728065374505 3.9471731452969383 1
12.990246861732224 8.449133278416966 -1
8.089838008973269 1.3852161491406134 1
5.059748431259519 7.59805379731395 -1
5.7679584864332405 14.302844756430575 -1
10.817417568483885 0.5581869710202736 1
1.868831819552459 13.753349643279979 1
14.474681232186619 6.79194063915938 -1
0.8983905546271442 1.61984751828528 1
19.614904419418473 15.311510735104507 1
18.915067689360395 14.697561493905635 1
11.24195565847749 7.932421974189923 -1
7.519801006613589 4.3977293408072775 -1
4.606323100465614 14.158118984985881 -1
17.02625966611874 3.0222725436968556 1
14.746103559193351 18.602928312079346 1
18.151096764357074 6.711938426481692 1
10.840127318768298 18.67289258141351 1
15.49954233244894 15.14572736610875 1
19.71285378081147 11.254436260767413 1
19.41187240450584 19.581778797483867 1
12.57659277558215 12.140747838988657 -1
8.44479764996973 3.008871825984263 1
17.162643951674273 6.416840683866432 1
8.914657676616775 8.774449096440629 -1
12.935024354063353 17.042525447691403 1
11.523206342166151 16.53420968783411 -1
5.768493166581137 17.197613889437363 1
11.087056089215082 5.4234455951316 -1
16.87969791863906 15.242288605163253 1
11.488139216781885 4.068762605785592 -1
7.657646660794429 12.048989820700024 -1
0.5418968647174527 11.66287223740756 1
19.70779491140819 4.279844523662839 1
14.905769003212473 17.99424591751169 1
7.692693586418702 13.487532511023808 -1
14.05337925136914 14.832926900101233 -1
15.190084860498034 2.24718687412091 1
6.680332531413611 1.25443010847474 1
4.203251767693057 0.7325870228053066 1
0.01936858712187739 16.773635633356946 1
10.378869677846104 8.531242475821283 -1
0.49289739574249536 7.460489432148409 1
0.3119550187957465 18.764702531186806 1
19.400475675525552 18.616483112406616 1
7.597326433869669 2.1601132022962455 1
17.35806707417088 7.778438326018195 1
0.6106921046943414 9.271907078593822 1
6.821890225667071 15.041389089827575 -1
6.823498994006956 2.4772125813419454 1
3.500741112644563 19.59923181785062 1
0.158015262371769 3.0949052330684346 1
13.79188222722181 2.8434534394065736 1
19.681538073461248 4.353493541971691 1
12.527295826578639 7.4054012710247115 -1
12.652609934262832 18.163033507828317 1
3.069050003094691 17.275068416103554 1
3.805287590305728 10.245983203426794 -1
9.508822028506387 16.971984968947645 -1
0.2508778549113577 2.0213370055882285 1
1.5152464081718797 16.826498330816754 1
19.908101116094684 7.59926680994411 1
14.523362490964455 4.182873646326762 1
11.42784289657358 6.97818894641059 -1
14.364216942776352 1.8372311605671166 1
8.85520165073634 4.828001196407934 -1
0.9909184350366007 2.5446488734954387 1
5.7859998875470815 12.219255270648677 -1
10.086942897313786 10.663769713821718 -1
17.651454460255867 8.320574256371033 1
0.265889067140892 19.600093560665904 1
8.545933234125618 10.772604552054457 -1
9.609063122757789 9.205306447426915 -1
11.748579925334845 0.5251426573272022 1
11.20142732208793 13.355696501065147 -1
19.68360960442581 10.587952626966427 1
13.9244933688392 10.918761084438897 -1
9.192161686594709 2.3388536231280166 1
11.825079234647966 8.529871878415875 -1
5.929430422080351 15.93706487257853 1
7.801198316932558 10.845817464045616 -1
19.918854198284023 6.165043607737921 1
17.76534216597159 6.1676301827049596 1
7.587484593913412 6.578464617865087 -1
16.965568828416217 16.660851622041065 1
13.76564128596673 4.166240667473627 -1
12.972399195313018 8.827011232607774 -1
7.6405854264800865 9.35759741944642 -1
5.212228324464823 14.012292903717988 -1
3.5071183784090176 12.448155360956612 -1
3.807790273004956 7.6124816401252 -1
14.31862145561372 9.744919292996796 -1
3.5302060550372483 7.984565563585592 -1
5.761556107121653 7.890411820837566 -1
10.324606864121291 5.679547800191099 -1
5.17912928773934 11.240365149293714 -1
10.075813413444248 14.67425207465448 -1
13.400137150990641 9.129212915599238 -1
9.209439501610898 4.887200880843272 -1
15.555380584035754 8.69141398229267 -1
10.43126486096289 13.176856906634743 -1
3.7425179271138886 7.809741742456033 -1
5.634259327503415 7.861077456776786 -1
10.240594044882965 10.449509222406741 -1
10.390562824618932 13.875715864951273 -1
11.773834356264924 8.467592581114147 -1
8.211685791287815 9.181262289102918 -1
6.014063697115672 5.4659773980707715 -1
4.065116128630322 8.65735568918873 -1
14.932577443136626 6.7231348353831315 -1
10.499680329516732 11.102770783022544 -1
5.987164341104931 12.555525706017567 -1
14.241421737115612 5.1876671203769265 -1
14.480849174560696 10.2319597781538 -1
13.975502586621378 14.639936524712965 -1
11.477990949902043 11.326553270518144 -1
9.449750709799353 16.920314238023344 -1
15.79639770770667 13.555041357187378 -1
9.031475298576176 12.987643466996438 -1
6.0892808932528375 5.843889085383878 -1
12.253133631922475 3.7960426732678587 -1
13.604558557831634 10.844931697589825 -1
16.929752692947883 9.937990867388724 -1
8.856751466670312 13.587397846807468 -1
8.192901326406496 5.5473009432113045 -1
14.47066639845682 7.894339487928638 -1
6.254772002233075 4.758801193064359 -1
5.913945241760594 14.665438333247513 -1
6.478138846164628 7.049774560231306 -1
7.028486411103083 7.698719541951009 -1
11.638771245691448 8.501237702390956 -1
9.0076028875589 9.338944905750006 -1
14.732581046382236 7.0391453112047975 -1
6.017178769053528 13.267853175126278 -1
9.917529398461745 16.25910391453392 -1
12.932317401029074 4.6325867608248235 -1
12.18110263839087 16.448659058978002 -1
5.4345143359363 13.90236345659834 -1
14.647126520675531 8.925183306792562 -1
10.262002031418703 14.061566832190657 -1
16.10516260969017 10.99054533580051 -1
8.80716804474978 9.029266079454658 -1
16.184775719716903 12.174536827385216 -1
4.440929990385345 11.312841154214144 -1
9.696471929159129 7.61063099940626 -1
16.021418094025403 12.92841795666872 -1
13.304907755297338 3.8725457590081236 -1
8.362974687069597 7.687200080900036 -1
10.307361322455487 12.755841173379011 -1
12.663033647474968 9.78910429097694 -1
8.377069678726077 15.33298788624824 -1
10.227108805644221 15.199819206388108 -1
8.84895942141113 15.515474284757767 -1
13.192593034257502 12.81581483011876 -1
7.789879032704237 6.538612658593596 -1
6.045191659256835 10.0813574223017 -1
5.431733761240998 14.734581222495995 -1
11.955326722118805 9.942615540231063 -1
8.964971937192088 7.077638913528919 -1
3.3734853545352794 10.132680741742899 -1
8.117433437995665 13.215864415906394 -1
11.271611602874565 9.07755633169918 -1
4.238785413371073 13.774340310450604 -1
12.988857104985279 4.538217223444665 -1
12.510787762157353 3.845841294137995 -1
13.863988170119569 12.531403608509137 -1
6.346243977098018 6.986029446706327 -1
11.63128819054317 12.601386727785384 -1
8.754525789630229 8.399929703015081 -1
11.184453840406848 16.883863848634487 -1
10.761755980521643 15.856933657184968 -1
8.384757395449432 9.690829773368622 -1
9.673574102648267 6.9040236849272185 -1
